     |   y1   |   y2   |   y3   |   y4   |   y5   |   y6   |   y7   |   y8   |   y9   |   y10  |   y11  |   y12  |   y13  |   y14  |   y15  |   y16  |   y17  |   y18  |   y19  |   y20  |   y21  |   y22  |   y23  |   y24  |   y25  |   y26  |   y27  |   y28  |   y29  |   y30  |   y31  |   y32  |   y33  |   y34  |   y35  |   y36  |   y37  |   y38  |   y39  |   y40  |    b   |
 y31 |   7.00 |   4.00 |   8.00 |   3.00 |   9.00 |   5.00 |   8.00 |   3.00 |   1.00 |   1.00 |   7.00 |   1.00 |   4.00 |   6.00 |   7.00 |   9.00 |   4.00 |   8.00 |   6.00 |   6.00 |   8.00 |   3.00 |   7.00 |   8.00 |   6.00 |   5.00 |   4.00 |   5.00 |   6.00 |   2.00 |   1.00 |   0.00 |   0.00 |   0.00 |   0.00 |   0.00 |   0.00 |   0.00 |   0.00 |   0.00 |  43.00 |
 y32 |   5.00 |   3.00 |   1.00 |   4.00 |   5.00 |   4.00 |   7.00 |   4.00 |   2.00 |   2.00 |   6.00 |   2.00 |   9.00 |   1.00 |   5.00 |   2.00 |   8.00 |   8.00 |   4.00 |   8.00 |   2.00 |   5.00 |   3.00 |   9.00 |   1.00 |   2.00 |   5.00 |   2.00 |   1.00 |   9.00 |   0.00 |   1.00 |   0.00 |   0.00 |   0.00 |   0.00 |   0.00 |   0.00 |   0.00 |   0.00 |  41.00 |
 y33 |   4.00 |   5.00 |   1.00 |   4.00 |   1.00 |   7.00 |   2.00 |   2.00 |   2.00 |   7.00 |   8.00 |   1.00 |   4.00 |   4.00 |   2.00 |   9.00 |   2.00 |   2.00 |   8.00 |   7.00 |   5.00 |   8.00 |   8.00 |   1.00 |   8.00 |   4.00 |   3.00 |   7.00 |   5.00 |   6.00 |   0.00 |   0.00 |   1.00 |   0.00 |   0.00 |   0.00 |   0.00 |   0.00 |   0.00 |   0.00 |  28.00 |
 y34 |   2.00 |   8.00 |   6.00 |   2.00 |   6.00 |   9.00 |   2.00 |   3.00 |   6.00 |   8.00 |   6.00 |   9.00 |   3.00 |   2.00 |   3.00 |   3.00 |   1.00 |   5.00 |   5.00 |   8.00 |   4.00 |   9.00 |   8.00 |   6.00 |   4.00 |   1.00 |   7.00 |   7.00 |   8.00 |   7.00 |   0.00 |   0.00 |   0.00 |   1.00 |   0.00 |   0.00 |   0.00 |   0.00 |   0.00 |   0.00 |  37.00 |
 y35 |   2.00 |   4.00 |   6.00 |   9.00 |   4.00 |   4.00 |   7.00 |   6.00 |   7.00 |   7.00 |   4.00 |   5.00 |   5.00 |   4.00 |   3.00 |   9.00 |   9.00 |   9.00 |   6.00 |   3.00 |   8.00 |   3.00 |   3.00 |   6.00 |   5.00 |   7.00 |   2.00 |   3.00 |   9.00 |   5.00 |   0.00 |   0.00 |   0.00 |   0.00 |   1.00 |   0.00 |   0.00 |   0.00 |   0.00 |   0.00 |  17.00 |
 y36 |   6.00 |   7.00 |   5.00 |   1.00 |   5.00 |   8.00 |   8.00 |   6.00 |   1.00 |   9.00 |   7.00 |   8.00 |   2.00 |   4.00 |   4.00 |   5.00 |   3.00 |   5.00 |   2.00 |   2.00 |   5.00 |   3.00 |   4.00 |   7.00 |   8.00 |   7.00 |   3.00 |   7.00 |   7.00 |   5.00 |   0.00 |   0.00 |   0.00 |   0.00 |   0.00 |   1.00 |   0.00 |   0.00 |   0.00 |   0.00 |  33.00 |
 y37 |   9.00 |   8.00 |   2.00 |   3.00 |   5.00 |   2.00 |   3.00 |   2.00 |   9.00 |   2.00 |   3.00 |   9.00 |   2.00 |   4.00 |   8.00 |   5.00 |   5.00 |   1.00 |   3.00 |   5.00 |   4.00 |   6.00 |   1.00 |   8.00 |   8.00 |   3.00 |   3.00 |   3.00 |   2.00 |   1.00 |   0.00 |   0.00 |   0.00 |   0.00 |   0.00 |   0.00 |   1.00 |   0.00 |   0.00 |   0.00 |  35.00 |
 y38 |   8.00 |   2.00 |   8.00 |   2.00 |   8.00 |   9.00 |   7.00 |   6.00 |   1.00 |   4.00 |   9.00 |   4.00 |   3.00 |   1.00 |   8.00 |   2.00 |   4.00 |   7.00 |   9.00 |   5.00 |   8.00 |   5.00 |   5.00 |   6.00 |   7.00 |   6.00 |   4.00 |   6.00 |   7.00 |   3.00 |   0.00 |   0.00 |   0.00 |   0.00 |   0.00 |   0.00 |   0.00 |   1.00 |   0.00 |   0.00 |  22.00 |
 y39 |   3.00 |   1.00 |   9.00 |   5.00 |   4.00 |   4.00 |   5.00 |   2.00 |   3.00 |   7.00 |   1.00 |   4.00 |   1.00 |   7.00 |   6.00 |   6.00 |   7.00 |   3.00 |   2.00 |   5.00 |   9.00 |   8.00 |   5.00 |   4.00 |   2.00 |   1.00 |   1.00 |   3.00 |   5.00 |   2.00 |   0.00 |   0.00 |   0.00 |   0.00 |   0.00 |   0.00 |   0.00 |   0.00 |   1.00 |   0.00 |  24.00 |
 y40 |   4.00 |   9.00 |   8.00 |   3.00 |   8.00 |   9.00 |   7.00 |   6.00 |   1.00 |   8.00 |   9.00 |   5.00 |   6.00 |   2.00 |   1.00 |   5.00 |   5.00 |   2.00 |   8.00 |   6.00 |   9.00 |   1.00 |   2.00 |   8.00 |   6.00 |   6.00 |   7.00 |   1.00 |   7.00 |   2.00 |   0.00 |   0.00 |   0.00 |   0.00 |   0.00 |   0.00 |   0.00 |   0.00 |   0.00 |   1.00 |  49.00 |
     |   y1   |   y2   |   y3   |   y4   |   y5   |   y6   |   y7   |   y8   |   y9   |   y10  |   y11  |   y12  |   y13  |   y14  |   y15  |   y16  |   y17  |   y18  |   y19  |   y20  |   y21  |   y22  |   y23  |   y24  |   y25  |   y26  |   y27  |   y28  |   y29  |   y30  |   y31  |   y32  |   y33  |   y34  |   y35  |   y36  |   y37  |   y38  |   y39  |   y40  |    b   |
 y31 |   6.33 |   2.67 |   6.00 |   0.00 |   7.67 |   3.67 |   5.67 |   1.00 |  -1.33 |  -1.33 |   5.67 |  -0.67 |   2.33 |   4.67 |   6.00 |   6.00 |   1.00 |   5.00 |   4.00 |   5.00 |   5.33 |   2.00 |   6.00 |   6.00 |   4.33 |   2.67 |   3.33 |   4.00 |   3.00 |   0.33 |   1.00 |   0.00 |   0.00 |   0.00 |  -0.33 |   0.00 |   0.00 |   0.00 |   0.00 |   0.00 |  37.33 |
 y32 |   4.11 |   1.22 |  -1.67 |   0.00 |   3.22 |   2.22 |   3.89 |   1.33 |  -1.11 |  -1.11 |   4.22 |  -0.22 |   6.78 |  -0.78 |   3.67 |  -2.00 |   4.00 |   4.00 |   1.33 |   6.67 |  -1.56 |   3.67 |   1.67 |   6.33 |  -1.22 |  -1.11 |   4.11 |   0.67 |  -3.00 |   6.78 |   0.00 |   1.00 |   0.00 |   0.00 |  -0.44 |   0.00 |   0.00 |   0.00 |   0.00 |   0.00 |  33.44 |
 y33 |   3.11 |   3.22 |  -1.67 |   0.00 |  -0.78 |   5.22 |  -1.11 |  -0.67 |  -1.11 |   3.89 |   6.22 |  -1.22 |   1.78 |   2.22 |   0.67 |   5.00 |  -2.00 |  -2.00 |   5.33 |   5.67 |   1.44 |   6.67 |   6.67 |  -1.67 |   5.78 |   0.89 |   2.11 |   5.67 |   1.00 |   3.78 |   0.00 |   0.00 |   1.00 |   0.00 |  -0.44 |   0.00 |   0.00 |   0.00 |   0.00 |   0.00 |  20.44 |
 y34 |   1.56 |   7.11 |   4.67 |   0.00 |   5.11 |   8.11 |   0.44 |   1.67 |   4.44 |   6.44 |   5.11 |   7.89 |   1.89 |   1.11 |   2.33 |   1.00 |  -1.00 |   3.00 |   3.67 |   7.33 |   2.22 |   8.33 |   7.33 |   4.67 |   2.89 |  -0.56 |   6.56 |   6.33 |   6.00 |   5.89 |   0.00 |   0.00 |   0.00 |   1.00 |  -0.22 |   0.00 |   0.00 |   0.00 |   0.00 |   0.00 |  33.22 |
  y4 |   0.22 |   0.44 |   0.67 |   1.00 |   0.44 |   0.44 |   0.78 |   0.67 |   0.78 |   0.78 |   0.44 |   0.56 |   0.56 |   0.44 |   0.33 |   1.00 |   1.00 |   1.00 |   0.67 |   0.33 |   0.89 |   0.33 |   0.33 |   0.67 |   0.56 |   0.78 |   0.22 |   0.33 |   1.00 |   0.56 |   0.00 |   0.00 |   0.00 |   0.00 |   0.11 |   0.00 |   0.00 |   0.00 |   0.00 |   0.00 |   1.89 |
 y36 |   5.78 |   6.56 |   4.33 |   0.00 |   4.56 |   7.56 |   7.22 |   5.33 |   0.22 |   8.22 |   6.56 |   7.44 |   1.44 |   3.56 |   3.67 |   4.00 |   2.00 |   4.00 |   1.33 |   1.67 |   4.11 |   2.67 |   3.67 |   6.33 |   7.44 |   6.22 |   2.78 |   6.67 |   6.00 |   4.44 |   0.00 |   0.00 |   0.00 |   0.00 |  -0.11 |   1.00 |   0.00 |   0.00 |   0.00 |   0.00 |  31.11 |
 y37 |   8.33 |   6.67 |   0.00 |   0.00 |   3.67 |   0.67 |   0.67 |   0.00 |   6.67 |  -0.33 |   1.67 |   7.33 |   0.33 |   2.67 |   7.00 |   2.00 |   2.00 |  -2.00 |   1.00 |   4.00 |   1.33 |   5.00 |   0.00 |   6.00 |   6.33 |   0.67 |   2.33 |   2.00 |  -1.00 |  -0.67 |   0.00 |   0.00 |   0.00 |   0.00 |  -0.33 |   0.00 |   1.00 |   0.00 |   0.00 |   0.00 |  29.33 |
 y38 |   7.56 |   1.11 |   6.67 |   0.00 |   7.11 |   8.11 |   5.44 |   4.67 |  -0.56 |   2.44 |   8.11 |   2.89 |   1.89 |   0.11 |   7.33 |   0.00 |   2.00 |   5.00 |   7.67 |   4.33 |   6.22 |   4.33 |   4.33 |   4.67 |   5.89 |   4.44 |   3.56 |   5.33 |   5.00 |   1.89 |   0.00 |   0.00 |   0.00 |   0.00 |  -0.22 |   0.00 |   0.00 |   1.00 |   0.00 |   0.00 |  18.22 |
 y39 |   1.89 |  -1.22 |   5.67 |   0.00 |   1.78 |   1.78 |   1.11 |  -1.33 |  -0.89 |   3.11 |  -1.22 |   1.22 |  -1.78 |   4.78 |   4.33 |   1.00 |   2.00 |  -2.00 |  -1.33 |   3.33 |   4.56 |   6.33 |   3.33 |   0.67 |  -0.78 |  -2.89 |  -0.11 |   1.33 |   0.00 |  -0.78 |   0.00 |   0.00 |   0.00 |   0.00 |  -0.56 |   0.00 |   0.00 |   0.00 |   1.00 |   0.00 |  14.56 |
 y40 |   3.33 |   7.67 |   6.00 |   0.00 |   6.67 |   7.67 |   4.67 |   4.00 |  -1.33 |   5.67 |   7.67 |   3.33 |   4.33 |   0.67 |   0.00 |   2.00 |   2.00 |  -1.00 |   6.00 |   5.00 |   6.33 |   0.00 |   1.00 |   6.00 |   4.33 |   3.67 |   6.33 |   0.00 |   4.00 |   0.33 |   0.00 |   0.00 |   0.00 |   0.00 |  -0.33 |   0.00 |   0.00 |   0.00 |   0.00 |   1.00 |  43.33 |
     |   y1   |   y2   |   y3   |   y4   |   y5   |   y6   |   y7   |   y8   |   y9   |   y10  |   y11  |   y12  |   y13  |   y14  |   y15  |   y16  |   y17  |   y18  |   y19  |   y20  |   y21  |   y22  |   y23  |   y24  |   y25  |   y26  |   y27  |   y28  |   y29  |   y30  |   y31  |   y32  |   y33  |   y34  |   y35  |   y36  |   y37  |   y38  |   y39  |   y40  |    b   |
 y31 |   4.49 |   3.86 |   0.47 |   0.00 |   5.93 |   1.93 |   4.58 |   2.30 |  -0.47 |  -4.37 |   6.86 |  -1.86 |   4.07 |   0.00 |   1.77 |   5.02 |  -0.95 |   6.95 |   5.30 |   1.74 |   0.88 |  -4.19 |   2.74 |   5.35 |   5.09 |   5.49 |   3.44 |   2.70 |   3.00 |   1.09 |   1.00 |   0.00 |   0.00 |   0.00 |   0.21 |   0.00 |   0.00 |   0.00 |  -0.98 |   0.00 |  23.12 |
 y32 |   4.42 |   1.02 |  -0.74 |   0.00 |   3.51 |   2.51 |   4.07 |   1.12 |  -1.26 |  -0.60 |   4.02 |  -0.02 |   6.49 |   0.00 |   4.37 |  -1.84 |   4.33 |   3.67 |   1.12 |   7.21 |  -0.81 |   4.70 |   2.21 |   6.44 |  -1.35 |  -1.58 |   4.09 |   0.88 |  -3.00 |   6.65 |   0.00 |   1.00 |   0.00 |   0.00 |  -0.53 |   0.00 |   0.00 |   0.00 |   0.16 |   0.00 |  35.81 |
 y33 |   2.23 |   3.79 |  -4.30 |   0.00 |  -1.60 |   4.40 |  -1.63 |  -0.05 |  -0.70 |   2.44 |   6.79 |  -1.79 |   2.60 |   0.00 |  -1.35 |   4.53 |  -2.93 |  -1.07 |   5.95 |   4.12 |  -0.67 |   3.72 |   5.12 |  -1.98 |   6.14 |   2.23 |   2.16 |   5.05 |   1.00 |   4.14 |   0.00 |   0.00 |   1.00 |   0.00 |  -0.19 |   0.00 |   0.00 |   0.00 |  -0.47 |   0.00 |  13.67 |
 y34 |   1.12 |   7.40 |   3.35 |   0.00 |   4.70 |   7.70 |   0.19 |   1.98 |   4.65 |   5.72 |   5.40 |   7.60 |   2.30 |   0.00 |   1.33 |   0.77 |  -1.47 |   3.47 |   3.98 |   6.56 |   1.16 |   6.86 |   6.56 |   4.51 |   3.07 |   0.12 |   6.58 |   6.02 |   6.00 |   6.07 |   0.00 |   0.00 |   0.00 |   1.00 |  -0.09 |   0.00 |   0.00 |   0.00 |  -0.23 |   0.00 |  29.84 |
  y4 |   0.05 |   0.56 |   0.14 |   1.00 |   0.28 |   0.28 |   0.67 |   0.79 |   0.86 |   0.49 |   0.56 |   0.44 |   0.72 |   0.00 |  -0.07 |   0.91 |   0.81 |   1.19 |   0.79 |   0.02 |   0.47 |  -0.26 |   0.02 |   0.60 |   0.63 |   1.05 |   0.23 |   0.21 |   1.00 |   0.63 |   0.00 |   0.00 |   0.00 |   0.00 |   0.16 |   0.00 |   0.00 |   0.00 |  -0.09 |   0.00 |   0.53 |
 y36 |   4.37 |   7.47 |   0.12 |   0.00 |   3.23 |   6.23 |   6.40 |   6.33 |   0.88 |   5.91 |   7.47 |   6.53 |   2.77 |   0.00 |   0.44 |   3.26 |   0.51 |   5.49 |   2.33 |  -0.81 |   0.72 |  -2.05 |   1.19 |   5.84 |   8.02 |   8.37 |   2.86 |   5.67 |   6.00 |   5.02 |   0.00 |   0.00 |   0.00 |   0.00 |   0.30 |   1.00 |   0.00 |   0.00 |  -0.74 |   0.00 |  20.28 |
 y37 |   7.28 |   7.35 |  -3.16 |   0.00 |   2.67 |  -0.33 |   0.05 |   0.74 |   7.16 |  -2.07 |   2.35 |   6.65 |   1.33 |   0.00 |   4.58 |   1.44 |   0.88 |  -0.88 |   1.74 |   2.14 |  -1.21 |   1.47 |  -1.86 |   5.63 |   6.77 |   2.28 |   2.40 |   1.26 |  -1.00 |  -0.23 |   0.00 |   0.00 |   0.00 |   0.00 |  -0.02 |   0.00 |   1.00 |   0.00 |  -0.56 |   0.00 |  21.21 |
 y38 |   7.51 |   1.14 |   6.53 |   0.00 |   7.07 |   8.07 |   5.42 |   4.70 |  -0.53 |   2.37 |   8.14 |   2.86 |   1.93 |   0.00 |   7.23 |  -0.02 |   1.95 |   5.05 |   7.70 |   4.26 |   6.12 |   4.19 |   4.26 |   4.65 |   5.91 |   4.51 |   3.56 |   5.30 |   5.00 |   1.91 |   0.00 |   0.00 |   0.00 |   0.00 |  -0.21 |   0.00 |   0.00 |   1.00 |  -0.02 |   0.00 |  17.88 |
 y14 |   0.40 |  -0.26 |   1.19 |   0.00 |   0.37 |   0.37 |   0.23 |  -0.28 |  -0.19 |   0.65 |  -0.26 |   0.26 |  -0.37 |   1.00 |   0.91 |   0.21 |   0.42 |  -0.42 |  -0.28 |   0.70 |   0.95 |   1.33 |   0.70 |   0.14 |  -0.16 |  -0.60 |  -0.02 |   0.28 |   0.00 |  -0.16 |   0.00 |   0.00 |   0.00 |   0.00 |  -0.12 |   0.00 |   0.00 |   0.00 |   0.21 |   0.00 |   3.05 |
 y40 |   3.07 |   7.84 |   5.21 |   0.00 |   6.42 |   7.42 |   4.51 |   4.19 |  -1.21 |   5.23 |   7.84 |   3.16 |   4.58 |   0.00 |  -0.60 |   1.86 |   1.72 |  -0.72 |   6.19 |   4.53 |   5.70 |  -0.88 |   0.53 |   5.91 |   4.44 |   4.07 |   6.35 |  -0.19 |   4.00 |   0.44 |   0.00 |   0.00 |   0.00 |   0.00 |  -0.26 |   0.00 |   0.00 |   0.00 |  -0.14 |   1.00 |  41.30 |
     |   y1   |   y2   |   y3   |   y4   |   y5   |   y6   |   y7   |   y8   |   y9   |   y10  |   y11  |   y12  |   y13  |   y14  |   y15  |   y16  |   y17  |   y18  |   y19  |   y20  |   y21  |   y22  |   y23  |   y24  |   y25  |   y26  |   y27  |   y28  |   y29  |   y30  |   y31  |   y32  |   y33  |   y34  |   y35  |   y36  |   y37  |   y38  |   y39  |   y40  |    b   |
 y31 |   4.23 |   0.71 |  -0.32 |  -5.65 |   4.35 |   0.35 |   0.77 |  -2.16 |  -5.32 |  -7.13 |   3.71 |  -4.35 |   0.00 |   0.00 |   2.16 |  -0.10 |  -5.55 |   0.26 |   0.84 |   1.61 |  -1.74 |  -2.74 |   2.61 |   1.94 |   1.55 |  -0.42 |   2.13 |   1.52 |  -2.65 |  -2.45 |   1.00 |   0.00 |   0.00 |   0.00 |  -0.71 |   0.00 |   0.00 |   0.00 |  -0.45 |   0.00 |  20.10 |
 y32 |   4.00 |  -4.00 |  -2.00 |  -9.00 |   1.00 |  -0.00 |  -2.00 |  -6.00 |  -9.00 |  -5.00 |  -1.00 |  -4.00 |   0.00 |   0.00 |   5.00 | -10.00 |  -3.00 |  -7.00 |  -6.00 |   7.00 |  -5.00 |   7.00 |   2.00 |   1.00 |  -7.00 | -11.00 |   2.00 |  -1.00 | -12.00 |   1.00 |   0.00 |   1.00 |   0.00 |   0.00 |  -2.00 |   0.00 |   0.00 |   0.00 |   1.00 |   0.00 |  31.00 |
 y33 |   2.06 |   1.77 |  -4.81 |  -3.61 |  -2.61 |   3.39 |  -4.06 |  -2.90 |  -3.81 |   0.68 |   4.77 |  -3.39 |   0.00 |   0.00 |  -1.10 |   1.26 |  -5.87 |  -5.35 |   3.10 |   4.03 |  -2.35 |   4.65 |   5.03 |  -4.16 |   3.87 |  -1.55 |   1.32 |   4.29 |  -2.61 |   1.87 |   0.00 |   0.00 |   1.00 |   0.00 |  -0.77 |   0.00 |   0.00 |   0.00 |  -0.13 |   0.00 |  11.74 |
 y34 |   0.97 |   5.61 |   2.90 |  -3.19 |   3.81 |   6.81 |  -1.97 |  -0.55 |   1.90 |   4.16 |   3.61 |   6.19 |   0.00 |   0.00 |   1.55 |  -2.13 |  -4.06 |  -0.32 |   1.45 |   6.48 |  -0.32 |   7.68 |   6.48 |   2.58 |   1.06 |  -3.23 |   5.84 |   5.35 |   2.81 |   4.06 |   0.00 |   0.00 |   0.00 |   1.00 |  -0.61 |   0.00 |   0.00 |   0.00 |   0.06 |   0.00 |  28.13 |
 y13 |   0.06 |   0.77 |   0.19 |   1.39 |   0.39 |   0.39 |   0.94 |   1.10 |   1.19 |   0.68 |   0.77 |   0.61 |   1.00 |   0.00 |  -0.10 |   1.26 |   1.13 |   1.65 |   1.10 |   0.03 |   0.65 |  -0.35 |   0.03 |   0.84 |   0.87 |   1.45 |   0.32 |   0.29 |   1.39 |   0.87 |   0.00 |   0.00 |   0.00 |   0.00 |   0.23 |   0.00 |   0.00 |   0.00 |  -0.13 |   0.00 |   0.74 |
 y36 |   4.19 |   5.32 |  -0.42 |  -3.84 |   2.16 |   5.16 |   3.81 |   3.29 |  -2.42 |   4.03 |   5.32 |   4.84 |   0.00 |   0.00 |   0.71 |  -0.23 |  -2.61 |   0.94 |  -0.71 |  -0.90 |  -1.06 |  -1.06 |   1.10 |   3.52 |   5.61 |   4.35 |   1.97 |   4.87 |   2.16 |   2.61 |   0.00 |   0.00 |   0.00 |   0.00 |  -0.32 |   1.00 |   0.00 |   0.00 |  -0.39 |   0.00 |  18.23 |
 y37 |   7.19 |   6.32 |  -3.42 |  -1.84 |   2.16 |  -0.84 |  -1.19 |  -0.71 |   5.58 |  -2.97 |   1.32 |   5.84 |   0.00 |   0.00 |   4.71 |  -0.23 |  -0.61 |  -3.06 |   0.29 |   2.10 |  -2.06 |   1.94 |  -1.90 |   4.52 |   5.61 |   0.35 |   1.97 |   0.87 |  -2.84 |  -1.39 |   0.00 |   0.00 |   0.00 |   0.00 |  -0.32 |   0.00 |   1.00 |   0.00 |  -0.39 |   0.00 |  20.23 |
 y38 |   7.39 |  -0.35 |   6.16 |  -2.68 |   6.32 |   7.32 |   3.61 |   2.58 |  -2.84 |   1.06 |   6.65 |   1.68 |   0.00 |   0.00 |   7.42 |  -2.45 |  -0.23 |   1.87 |   5.58 |   4.19 |   4.87 |   4.87 |   4.19 |   3.03 |   4.23 |   1.71 |   2.94 |   4.74 |   2.32 |   0.23 |   0.00 |   0.00 |   0.00 |   0.00 |  -0.65 |   0.00 |   0.00 |   1.00 |   0.23 |   0.00 |  16.45 |
 y14 |   0.42 |   0.03 |   1.26 |   0.52 |   0.52 |   0.52 |   0.58 |   0.13 |   0.26 |   0.90 |   0.03 |   0.48 |   0.00 |   1.00 |   0.87 |   0.68 |   0.84 |   0.19 |   0.13 |   0.71 |   1.19 |   1.19 |   0.71 |   0.45 |   0.16 |  -0.06 |   0.10 |   0.39 |   0.52 |   0.16 |   0.00 |   0.00 |   0.00 |   0.00 |  -0.03 |   0.00 |   0.00 |   0.00 |   0.16 |   0.00 |   3.32 |
 y40 |   2.77 |   4.29 |   4.32 |  -6.35 |   4.65 |   5.65 |   0.23 |  -0.84 |  -6.68 |   2.13 |   4.29 |   0.35 |   0.00 |   0.00 |  -0.16 |  -3.90 |  -3.45 |  -8.26 |   1.16 |   4.39 |   2.74 |   0.74 |   0.39 |   2.06 |   0.45 |  -2.58 |   4.87 |  -1.52 |  -2.35 |  -3.55 |   0.00 |   0.00 |   0.00 |   0.00 |  -1.29 |   0.00 |   0.00 |   0.00 |   0.45 |   1.00 |  37.90 |
     |   y1   |   y2   |   y3   |   y4   |   y5   |   y6   |   y7   |   y8   |   y9   |   y10  |   y11  |   y12  |   y13  |   y14  |   y15  |   y16  |   y17  |   y18  |   y19  |   y20  |   y21  |   y22  |   y23  |   y24  |   y25  |   y26  |   y27  |   y28  |   y29  |   y30  |   y31  |   y32  |   y33  |   y34  |   y35  |   y36  |   y37  |   y38  |   y39  |   y40  |    b   |
 y31 |   3.80 |  -4.40 |  -1.60 | -14.80 |   1.80 |  -2.20 |  -5.40 |  -9.40 | -13.20 | -11.60 |  -1.40 |  -8.40 |  -6.60 |   0.00 |   2.80 |  -8.40 | -13.00 | -10.60 |  -6.40 |   1.40 |  -6.00 |  -0.40 |   2.40 |  -3.60 |  -4.20 | -10.00 |   0.00 |  -0.40 | -11.80 |  -8.20 |   1.00 |   0.00 |   0.00 |   0.00 |  -2.20 |   0.00 |   0.00 |   0.00 |   0.40 |   0.00 |  15.20 |
 y32 |   3.60 |  -8.80 |  -3.20 | -17.60 |  -1.40 |  -2.40 |  -7.80 | -12.80 | -16.40 |  -9.20 |  -5.80 |  -7.80 |  -6.20 |   0.00 |   5.60 | -17.80 | -10.00 | -17.20 | -12.80 |   6.80 |  -9.00 |   9.20 |   1.80 |  -4.20 | -12.40 | -20.00 |   0.00 |  -2.80 | -20.60 |  -4.40 |   0.00 |   1.00 |   0.00 |   0.00 |  -3.40 |   0.00 |   0.00 |   0.00 |   1.80 |   0.00 |  26.40 |
 y33 |   1.80 |  -1.40 |  -5.60 |  -9.30 |  -4.20 |   1.80 |  -7.90 |  -7.40 |  -8.70 |  -2.10 |   1.60 |  -5.90 |  -4.10 |   0.00 |  -0.70 |  -3.90 | -10.50 | -12.10 |  -1.40 |   3.90 |  -5.00 |   6.10 |   4.90 |  -7.60 |   0.30 |  -7.50 |   0.00 |   3.10 |  -8.30 |  -1.70 |   0.00 |   0.00 |   1.00 |   0.00 |  -1.70 |   0.00 |   0.00 |   0.00 |   0.40 |   0.00 |   8.70 |
 y34 |  -0.20 |  -8.40 |  -0.60 | -28.30 |  -3.20 |  -0.20 | -18.90 | -20.40 | -19.70 |  -8.10 | -10.40 |  -4.90 | -18.10 |   0.00 |   3.30 | -24.90 | -24.50 | -30.10 | -18.40 |   5.90 | -12.00 |  14.10 |   5.90 | -12.60 | -14.70 | -29.50 |   0.00 |   0.10 | -22.30 | -11.70 |   0.00 |   0.00 |   0.00 |   1.00 |  -4.70 |   0.00 |   0.00 |   0.00 |   2.40 |   0.00 |  14.70 |
 y27 |   0.20 |   2.40 |   0.60 |   4.30 |   1.20 |   1.20 |   2.90 |   3.40 |   3.70 |   2.10 |   2.40 |   1.90 |   3.10 |   0.00 |  -0.30 |   3.90 |   3.50 |   5.10 |   3.40 |   0.10 |   2.00 |  -1.10 |   0.10 |   2.60 |   2.70 |   4.50 |   1.00 |   0.90 |   4.30 |   2.70 |   0.00 |   0.00 |   0.00 |   0.00 |   0.70 |   0.00 |   0.00 |   0.00 |  -0.40 |   0.00 |   2.30 |
 y36 |   3.80 |   0.60 |  -1.60 | -12.30 |  -0.20 |   2.80 |  -1.90 |  -3.40 |  -9.70 |  -0.10 |   0.60 |   1.10 |  -6.10 |   0.00 |   1.30 |  -7.90 |  -9.50 |  -9.10 |  -7.40 |  -1.10 |  -5.00 |   1.10 |   0.90 |  -1.60 |   0.30 |  -4.50 |   0.00 |   3.10 |  -6.30 |  -2.70 |   0.00 |   0.00 |   0.00 |   0.00 |  -1.70 |   1.00 |   0.00 |   0.00 |   0.40 |   0.00 |  13.70 |
 y37 |   6.80 |   1.60 |  -4.60 | -10.30 |  -0.20 |  -3.20 |  -6.90 |  -7.40 |  -1.70 |  -7.10 |  -3.40 |   2.10 |  -6.10 |   0.00 |   5.30 |  -7.90 |  -7.50 | -13.10 |  -6.40 |   1.90 |  -6.00 |   4.10 |  -2.10 |  -0.60 |   0.30 |  -8.50 |   0.00 |  -0.90 | -11.30 |  -6.70 |   0.00 |   0.00 |   0.00 |   0.00 |  -1.70 |   0.00 |   1.00 |   0.00 |   0.40 |   0.00 |  15.70 |
 y38 |   6.80 |  -7.40 |   4.40 | -15.30 |   2.80 |   3.80 |  -4.90 |  -7.40 | -13.70 |  -5.10 |  -0.40 |  -3.90 |  -9.10 |   0.00 |   8.30 | -13.90 | -10.50 | -13.10 |  -4.40 |   3.90 |  -1.00 |   8.10 |   3.90 |  -4.60 |  -3.70 | -11.50 |   0.00 |   2.10 | -10.30 |  -7.70 |   0.00 |   0.00 |   0.00 |   0.00 |  -2.70 |   0.00 |   0.00 |   1.00 |   1.40 |   0.00 |   9.70 |
 y14 |   0.40 |  -0.20 |   1.20 |   0.10 |   0.40 |   0.40 |   0.30 |  -0.20 |  -0.10 |   0.70 |  -0.20 |   0.30 |  -0.30 |   1.00 |   0.90 |   0.30 |   0.50 |  -0.30 |  -0.20 |   0.70 |   1.00 |   1.30 |   0.70 |   0.20 |  -0.10 |  -0.50 |   0.00 |   0.30 |   0.10 |  -0.10 |   0.00 |   0.00 |   0.00 |   0.00 |  -0.10 |   0.00 |   0.00 |   0.00 |   0.20 |   0.00 |   3.10 |
 y40 |   1.80 |  -7.40 |   1.40 | -27.30 |  -1.20 |  -0.20 | -13.90 | -17.40 | -24.70 |  -8.10 |  -7.40 |  -8.90 | -15.10 |   0.00 |   1.30 | -22.90 | -20.50 | -33.10 | -15.40 |   3.90 |  -7.00 |   6.10 |  -0.10 | -10.60 | -12.70 | -24.50 |   0.00 |  -5.90 | -23.30 | -16.70 |   0.00 |   0.00 |   0.00 |   0.00 |  -4.70 |   0.00 |   0.00 |   0.00 |   2.40 |   1.00 |  26.70 |
     |   y1   |   y2   |   y3   |   y4   |   y5   |   y6   |   y7   |   y8   |   y9   |   y10  |   y11  |   y12  |   y13  |   y14  |   y15  |   y16  |   y17  |   y18  |   y19  |   y20  |   y21  |   y22  |   y23  |   y24  |   y25  |   y26  |   y27  |   y28  |   y29  |   y30  |   y31  |   y32  |   y33  |   y34  |   y35  |   y36  |   y37  |   y38  |   y39  |   y40  |    b   |
 y31 |   3.15 |  -3.90 |   0.41 | -11.46 |   3.31 |  -2.85 |  -2.56 |  -6.74 | -10.08 | -10.85 |  -1.97 |  -6.28 |  -5.13 |   0.00 |   3.05 |  -7.00 |  -9.23 |  -6.26 |  -5.90 |   0.00 |  -4.21 |  -2.59 |   0.64 |  -0.87 |  -4.31 |  -7.31 |   0.00 |  -1.51 |  -8.82 |  -7.59 |   1.00 |   0.00 |  -0.36 |   0.00 |  -1.59 |   0.00 |   0.00 |   0.00 |   0.26 |   0.00 |  12.08 |
 y32 |   0.46 |  -6.36 |   6.56 |  -1.38 |   5.92 |  -5.54 |   5.97 |   0.10 |  -1.23 |  -5.54 |  -8.59 |   2.49 |   0.95 |   0.00 |   6.82 | -11.00 |   8.31 |   3.90 | -10.36 |   0.00 |  -0.28 |  -1.44 |  -6.74 |   9.05 | -12.92 |  -6.92 |   0.00 |  -8.21 |  -6.13 |  -1.44 |   0.00 |   1.00 |  -1.74 |   0.00 |  -0.44 |   0.00 |   0.00 |   0.00 |   1.10 |   0.00 |  11.23 |
 y20 |   0.46 |  -0.36 |  -1.44 |  -2.38 |  -1.08 |   0.46 |  -2.03 |  -1.90 |  -2.23 |  -0.54 |   0.41 |  -1.51 |  -1.05 |   0.00 |  -0.18 |  -1.00 |  -2.69 |  -3.10 |  -0.36 |   1.00 |  -1.28 |   1.56 |   1.26 |  -1.95 |   0.08 |  -1.92 |   0.00 |   0.79 |  -2.13 |  -0.44 |   0.00 |   0.00 |   0.26 |   0.00 |  -0.44 |   0.00 |   0.00 |   0.00 |   0.10 |   0.00 |   2.23 |
 y34 |  -2.92 |  -6.28 |   7.87 | -14.23 |   3.15 |  -2.92 |  -6.95 |  -9.21 |  -6.54 |  -4.92 | -12.82 |   4.03 | -11.90 |   0.00 |   4.36 | -19.00 |  -8.62 | -11.79 | -16.28 |   0.00 |  -4.44 |   4.87 |  -1.51 |  -1.10 | -15.15 | -18.15 |   0.00 |  -4.59 |  -9.74 |  -9.13 |   0.00 |   0.00 |  -1.51 |   1.00 |  -2.13 |   0.00 |   0.00 |   0.00 |   1.79 |   0.00 |   1.54 |
 y27 |   0.15 |   2.44 |   0.74 |   4.54 |   1.31 |   1.15 |   3.10 |   3.59 |   3.92 |   2.15 |   2.36 |   2.05 |   3.21 |   0.00 |  -0.28 |   4.00 |   3.77 |   5.41 |   3.44 |   0.00 |   2.13 |  -1.26 |  -0.03 |   2.79 |   2.69 |   4.69 |   1.00 |   0.82 |   4.51 |   2.74 |   0.00 |   0.00 |  -0.03 |   0.00 |   0.74 |   0.00 |   0.00 |   0.00 |  -0.41 |   0.00 |   2.08 |
 y36 |   4.31 |   0.21 |  -3.18 | -14.92 |  -1.38 |   3.31 |  -4.13 |  -5.49 | -12.15 |  -0.69 |   1.05 |  -0.56 |  -7.26 |   0.00 |   1.10 |  -9.00 | -12.46 | -12.51 |  -7.79 |   0.00 |  -6.41 |   2.82 |   2.28 |  -3.74 |   0.38 |  -6.62 |   0.00 |   3.97 |  -8.64 |  -3.18 |   0.00 |   0.00 |   0.28 |   0.00 |  -2.18 |   1.00 |   0.00 |   0.00 |   0.51 |   0.00 |  16.15 |
 y37 |   5.92 |   2.28 |  -1.87 |  -5.77 |   1.85 |  -4.08 |  -3.05 |  -3.79 |   2.54 |  -6.08 |  -4.18 |   4.97 |  -4.10 |   0.00 |   5.64 |  -6.00 |  -2.38 |  -7.21 |  -5.72 |   0.00 |  -3.56 |   1.13 |  -4.49 |   3.10 |   0.15 |  -4.85 |   0.00 |  -2.41 |  -7.26 |  -5.87 |   0.00 |   0.00 |  -0.49 |   0.00 |  -0.87 |   0.00 |   1.00 |   0.00 |   0.21 |   0.00 |  11.46 |
 y38 |   5.00 |  -6.00 |  10.00 |  -6.00 |   7.00 |   2.00 |   3.00 |   0.00 |  -5.00 |  -3.00 |  -2.00 |   2.00 |  -5.00 |   0.00 |   9.00 | -10.00 |   0.00 |  -1.00 |  -3.00 |   0.00 |   4.00 |   2.00 |  -1.00 |   3.00 |  -4.00 |  -4.00 |   0.00 |  -1.00 |  -2.00 |  -6.00 |   0.00 |   0.00 |  -1.00 |   0.00 |  -1.00 |   0.00 |   0.00 |   1.00 |   1.00 |   0.00 |   1.00 |
 y14 |   0.08 |   0.05 |   2.21 |   1.77 |   1.15 |   0.08 |   1.72 |   1.13 |   1.46 |   1.08 |  -0.49 |   1.36 |   0.44 |   1.00 |   1.03 |   1.00 |   2.38 |   1.87 |   0.05 |   0.00 |   1.90 |   0.21 |  -0.18 |   1.56 |  -0.15 |   0.85 |   0.00 |  -0.26 |   1.59 |   0.21 |   0.00 |   0.00 |  -0.18 |   0.00 |   0.21 |   0.00 |   0.00 |   0.00 |   0.13 |   0.00 |   1.54 |
 y40 |   0.00 |  -6.00 |   7.00 | -18.00 |   3.00 |  -2.00 |  -6.00 | -10.00 | -16.00 |  -6.00 |  -9.00 |  -3.00 | -11.00 |   0.00 |   2.00 | -19.00 | -10.00 | -21.00 | -14.00 |   0.00 |  -2.00 |   0.00 |  -5.00 |  -3.00 | -13.00 | -17.00 |   0.00 |  -9.00 | -15.00 | -15.00 |   0.00 |   0.00 |  -1.00 |   0.00 |  -3.00 |   0.00 |   0.00 |   0.00 |   2.00 |   1.00 |  18.00 |
     |   y1   |   y2   |   y3   |   y4   |   y5   |   y6   |   y7   |   y8   |   y9   |   y10  |   y11  |   y12  |   y13  |   y14  |   y15  |   y16  |   y17  |   y18  |   y19  |   y20  |   y21  |   y22  |   y23  |   y24  |   y25  |   y26  |   y27  |   y28  |   y29  |   y30  |   y31  |   y32  |   y33  |   y34  |   y35  |   y36  |   y37  |   y38  |   y39  |   y40  |    b   |
 y31 |  -7.00 |   2.00 |   3.00 |   3.00 |   4.00 |   5.00 |   7.00 |   9.00 |   9.00 |   9.00 |   5.00 |   5.00 |   3.00 |   9.00 |   3.00 |   4.00 |   9.00 |   8.00 |   5.00 |   5.00 |   3.00 |   9.00 |   1.00 |   2.00 |   8.00 |   5.00 |   9.00 |   1.00 |   3.00 |   2.00 |   1.00 |   0.00 |   0.00 |   0.00 |   0.00 |   0.00 |   0.00 |   0.00 |   0.00 |   0.00 |  35.00 |
 y32 |  -1.00 |   2.00 |   5.00 |   1.00 |   3.00 |   7.00 |   4.00 |   9.00 |   9.00 |   3.00 |   2.00 |   7.00 |   4.00 |   3.00 |   4.00 |   8.00 |   7.00 |   4.00 |   7.00 |   6.00 |   9.00 |   7.00 |   3.00 |   3.00 |   5.00 |   5.00 |   5.00 |   7.00 |   2.00 |   5.00 |   0.00 |   1.00 |   0.00 |   0.00 |   0.00 |   0.00 |   0.00 |   0.00 |   0.00 |   0.00 |  16.00 |
 y33 |  -9.00 |   3.00 |   7.00 |   4.00 |   4.00 |   3.00 |   5.00 |   5.00 |   5.00 |   4.00 |   4.00 |   5.00 |   6.00 |   7.00 |   3.00 |   5.00 |   6.00 |   6.00 |   8.00 |   8.00 |   3.00 |   6.00 |   9.00 |   9.00 |   9.00 |   6.00 |   2.00 |   6.00 |   3.00 |   1.00 |   0.00 |   0.00 |   1.00 |   0.00 |   0.00 |   0.00 |   0.00 |   0.00 |   0.00 |   0.00 |  11.00 |
 y34 |  -5.00 |   7.00 |   8.00 |   1.00 |   9.00 |   1.00 |   4.00 |   8.00 |   8.00 |   9.00 |   9.00 |   9.00 |   4.00 |   1.00 |   2.00 |   3.00 |   1.00 |   6.00 |   3.00 |   5.00 |   7.00 |   7.00 |   6.00 |   8.00 |   5.00 |   9.00 |   4.00 |   9.00 |   4.00 |   1.00 |   0.00 |   0.00 |   0.00 |   1.00 |   0.00 |   0.00 |   0.00 |   0.00 |   0.00 |   0.00 |  37.00 |
 y35 |  -5.00 |   9.00 |   9.00 |   3.00 |   2.00 |   9.00 |   1.00 |   6.00 |   3.00 |   7.00 |   9.00 |   9.00 |   7.00 |   7.00 |   2.00 |   5.00 |   3.00 |   7.00 |   6.00 |   4.00 |   9.00 |   9.00 |   9.00 |   8.00 |   5.00 |   4.00 |   1.00 |   1.00 |   2.00 |   7.00 |   0.00 |   0.00 |   0.00 |   0.00 |   1.00 |   0.00 |   0.00 |   0.00 |   0.00 |   0.00 |  34.00 |
 y36 |  -8.00 |   7.00 |   2.00 |   2.00 |   7.00 |   4.00 |   2.00 |   1.00 |   4.00 |   2.00 |   2.00 |   1.00 |   2.00 |   4.00 |   8.00 |   2.00 |   7.00 |   6.00 |   4.00 |   1.00 |   2.00 |   6.00 |   5.00 |   4.00 |   2.00 |   5.00 |   6.00 |   9.00 |   3.00 |   7.00 |   0.00 |   0.00 |   0.00 |   0.00 |   0.00 |   1.00 |   0.00 |   0.00 |   0.00 |   0.00 |  17.00 |
 y37 |  -1.00 |   4.00 |   3.00 |   1.00 |   9.00 |   6.00 |   5.00 |   4.00 |   2.00 |   5.00 |   8.00 |   5.00 |   3.00 |   1.00 |   6.00 |   7.00 |   1.00 |   5.00 |   1.00 |   8.00 |   5.00 |   7.00 |   8.00 |   5.00 |   7.00 |   7.00 |   3.00 |   2.00 |   9.00 |   7.00 |   0.00 |   0.00 |   0.00 |   0.00 |   0.00 |   0.00 |   1.00 |   0.00 |   0.00 |   0.00 |  48.00 |
 y38 |  -7.00 |   4.00 |   2.00 |   6.00 |   4.00 |   2.00 |   8.00 |   6.00 |   4.00 |   7.00 |   4.00 |   4.00 |   4.00 |   3.00 |   8.00 |   2.00 |   5.00 |   5.00 |   7.00 |   1.00 |   7.00 |   4.00 |   3.00 |   3.00 |   7.00 |   5.00 |   3.00 |   2.00 |   5.00 |   5.00 |   0.00 |   0.00 |   0.00 |   0.00 |   0.00 |   0.00 |   0.00 |   1.00 |   0.00 |   0.00 |  41.00 |
 y39 |  -3.00 |   9.00 |   5.00 |   3.00 |   1.00 |   7.00 |   9.00 |   3.00 |   6.00 |   3.00 |   7.00 |   4.00 |   6.00 |   3.00 |   8.00 |   3.00 |   3.00 |   3.00 |   1.00 |   5.00 |   4.00 |   7.00 |   6.00 |   4.00 |   7.00 |   4.00 |   8.00 |   9.00 |   7.00 |   5.00 |   0.00 |   0.00 |   0.00 |   0.00 |   0.00 |   0.00 |   0.00 |   0.00 |   1.00 |   0.00 |  19.00 |
 y40 |  -1.00 |   1.00 |   5.00 |   7.00 |   7.00 |   6.00 |   2.00 |   3.00 |   4.00 |   7.00 |   7.00 |   9.00 |   8.00 |   6.00 |   3.00 |   6.00 |   1.00 |   1.00 |   2.00 |   1.00 |   5.00 |   8.00 |   9.00 |   9.00 |   9.00 |   9.00 |   2.00 |   1.00 |   5.00 |   8.00 |   0.00 |   0.00 |   0.00 |   0.00 |   0.00 |   0.00 |   0.00 |   0.00 |   0.00 |   1.00 |  33.00 |
     |   y1   |   y2   |   y3   |   y4   |   y5   |   y6   |   y7   |   y8   |   y9   |   y10  |   y11  |   y12  |   y13  |   y14  |   y15  |   y16  |   y17  |   y18  |   y19  |   y20  |   y21  |   y22  |   y23  |   y24  |   y25  |   y26  |   y27  |   y28  |   y29  |   y30  |   y31  |   y32  |   y33  |   y34  |   y35  |   y36  |   y37  |   y38  |   y39  |   y40  |    b   |
 y31 |  -2.50 |   0.50 |  -0.50 |   1.00 |   2.00 |   3.50 |   4.50 |   6.50 |   6.50 |   7.00 |   3.00 |   2.50 |   0.00 |   5.50 |   1.50 |   1.50 |   6.00 |   5.00 |   1.00 |   1.00 |   1.50 |   6.00 |  -3.50 |  -2.50 |   3.50 |   2.00 |   8.00 |  -2.00 |   1.50 |   1.50 |   1.00 |   0.00 |  -0.50 |   0.00 |   0.00 |   0.00 |   0.00 |   0.00 |   0.00 |   0.00 |  29.50 |
 y32 |   5.00 |   0.00 |   0.33 |  -1.67 |   0.33 |   5.00 |   0.67 |   5.67 |   5.67 |   0.33 |  -0.67 |   3.67 |   0.00 |  -1.67 |   2.00 |   4.67 |   3.00 |   0.00 |   1.67 |   0.67 |   7.00 |   3.00 |  -3.00 |  -3.00 |  -1.00 |   1.00 |   3.67 |   3.00 |   0.00 |   4.33 |   0.00 |   1.00 |  -0.67 |   0.00 |   0.00 |   0.00 |   0.00 |   0.00 |   0.00 |   0.00 |   8.67 |
 y13 |  -1.50 |   0.50 |   1.17 |   0.67 |   0.67 |   0.50 |   0.83 |   0.83 |   0.83 |   0.67 |   0.67 |   0.83 |   1.00 |   1.17 |   0.50 |   0.83 |   1.00 |   1.00 |   1.33 |   1.33 |   0.50 |   1.00 |   1.50 |   1.50 |   1.50 |   1.00 |   0.33 |   1.00 |   0.50 |   0.17 |   0.00 |   0.00 |   0.17 |   0.00 |   0.00 |   0.00 |   0.00 |   0.00 |   0.00 |   0.00 |   1.83 |
 y34 |   1.00 |   5.00 |   3.33 |  -1.67 |   6.33 |  -1.00 |   0.67 |   4.67 |   4.67 |   6.33 |   6.33 |   5.67 |   0.00 |  -3.67 |   0.00 |  -0.33 |  -3.00 |   2.00 |  -2.33 |  -0.33 |   5.00 |   3.00 |   0.00 |   2.00 |  -1.00 |   5.00 |   2.67 |   5.00 |   2.00 |   0.33 |   0.00 |   0.00 |  -0.67 |   1.00 |   0.00 |   0.00 |   0.00 |   0.00 |   0.00 |   0.00 |  29.67 |
 y35 |   5.50 |   5.50 |   0.83 |  -1.67 |  -2.67 |   5.50 |  -4.83 |   0.17 |  -2.83 |   2.33 |   4.33 |   3.17 |   0.00 |  -1.17 |  -1.50 |  -0.83 |  -4.00 |   0.00 |  -3.33 |  -5.33 |   5.50 |   2.00 |  -1.50 |  -2.50 |  -5.50 |  -3.00 |  -1.33 |  -6.00 |  -1.50 |   5.83 |   0.00 |   0.00 |  -1.17 |   0.00 |   1.00 |   0.00 |   0.00 |   0.00 |   0.00 |   0.00 |  21.17 |
 y36 |  -5.00 |   6.00 |  -0.33 |   0.67 |   5.67 |   3.00 |   0.33 |  -0.67 |   2.33 |   0.67 |   0.67 |  -0.67 |   0.00 |   1.67 |   7.00 |   0.33 |   5.00 |   4.00 |   1.33 |  -1.67 |   1.00 |   4.00 |   2.00 |   1.00 |  -1.00 |   3.00 |   5.33 |   7.00 |   2.00 |   6.67 |   0.00 |   0.00 |  -0.33 |   0.00 |   0.00 |   1.00 |   0.00 |   0.00 |   0.00 |   0.00 |  13.33 |
 y37 |   3.50 |   2.50 |  -0.50 |  -1.00 |   7.00 |   4.50 |   2.50 |   1.50 |  -0.50 |   3.00 |   6.00 |   2.50 |   0.00 |  -2.50 |   4.50 |   4.50 |  -2.00 |   2.00 |  -3.00 |   4.00 |   3.50 |   4.00 |   3.50 |   0.50 |   2.50 |   4.00 |   2.00 |  -1.00 |   7.50 |   6.50 |   0.00 |   0.00 |  -0.50 |   0.00 |   0.00 |   0.00 |   1.00 |   0.00 |   0.00 |   0.00 |  42.50 |
 y38 |  -1.00 |   2.00 |  -2.67 |   3.33 |   1.33 |   0.00 |   4.67 |   2.67 |   0.67 |   4.33 |   1.33 |   0.67 |   0.00 |  -1.67 |   6.00 |  -1.33 |   1.00 |   1.00 |   1.67 |  -4.33 |   5.00 |   0.00 |  -3.00 |  -3.00 |   1.00 |   1.00 |   1.67 |  -2.00 |   3.00 |   4.33 |   0.00 |   0.00 |  -0.67 |   0.00 |   0.00 |   0.00 |   0.00 |   1.00 |   0.00 |   0.00 |  33.67 |
 y39 |   6.00 |   6.00 |  -2.00 |  -1.00 |  -3.00 |   4.00 |   4.00 |  -2.00 |   1.00 |  -1.00 |   3.00 |  -1.00 |   0.00 |  -4.00 |   5.00 |  -2.00 |  -3.00 |  -3.00 |  -7.00 |  -3.00 |   1.00 |   1.00 |  -3.00 |  -5.00 |  -2.00 |  -2.00 |   6.00 |   3.00 |   4.00 |   4.00 |   0.00 |   0.00 |  -1.00 |   0.00 |   0.00 |   0.00 |   0.00 |   0.00 |   1.00 |   0.00 |   8.00 |
 y40 |  11.00 |  -3.00 |  -4.33 |   1.67 |   1.67 |   2.00 |  -4.67 |  -3.67 |  -2.67 |   1.67 |   1.67 |   2.33 |   0.00 |  -3.33 |  -1.00 |  -0.67 |  -7.00 |  -7.00 |  -8.67 |  -9.67 |   1.00 |   0.00 |  -3.00 |  -3.00 |  -3.00 |   1.00 |  -0.67 |  -7.00 |   1.00 |   6.67 |   0.00 |   0.00 |  -1.33 |   0.00 |   0.00 |   0.00 |   0.00 |   0.00 |   0.00 |   1.00 |  18.33 |
     |   y1   |   y2   |   y3   |   y4   |   y5   |   y6   |   y7   |   y8   |   y9   |   y10  |   y11  |   y12  |   y13  |   y14  |   y15  |   y16  |   y17  |   y18  |   y19  |   y20  |   y21  |   y22  |   y23  |   y24  |   y25  |   y26  |   y27  |   y28  |   y29  |   y30  |   y31  |   y32  |   y33  |   y34  |   y35  |   y36  |   y37  |   y38  |   y39  |   y40  |    b   |
 y31 |   0.00 |   3.00 |  -1.33 |   0.58 |   0.75 |   5.17 |   6.17 |   5.67 |   6.92 |   6.58 |   4.25 |   2.08 |   0.00 |   3.83 |   3.58 |   0.67 |   4.75 |   3.75 |  -1.92 |  -0.25 |   1.92 |   6.42 |  -4.75 |  -4.58 |   2.67 |   1.17 |  10.50 |  -0.75 |   3.17 |   3.17 |   1.00 |   0.00 |  -0.92 |   0.00 |   0.00 |   0.00 |   0.00 |   0.00 |   0.42 |   0.00 |  32.83 |
 y32 |   0.00 |  -5.00 |   2.00 |  -0.83 |   2.83 |   1.67 |  -2.67 |   7.33 |   4.83 |   1.17 |  -3.17 |   4.50 |   0.00 |   1.67 |  -2.17 |   6.33 |   5.50 |   2.50 |   7.50 |   3.17 |   6.17 |   2.17 |  -0.50 |   1.17 |   0.67 |   2.67 |  -1.33 |   0.50 |  -3.33 |   1.00 |   0.00 |   1.00 |   0.17 |   0.00 |   0.00 |   0.00 |   0.00 |   0.00 |  -0.83 |   0.00 |   2.00 |
 y13 |   0.00 |   2.00 |   0.67 |   0.42 |  -0.08 |   1.50 |   1.83 |   0.33 |   1.08 |   0.42 |   1.42 |   0.58 |   1.00 |   0.17 |   1.75 |   0.33 |   0.25 |   0.25 |  -0.42 |   0.58 |   0.75 |   1.25 |   0.75 |   0.25 |   1.00 |   0.50 |   1.83 |   1.75 |   1.50 |   1.17 |   0.00 |   0.00 |  -0.08 |   0.00 |   0.00 |   0.00 |   0.00 |   0.00 |   0.25 |   0.00 |   3.83 |
 y34 |   0.00 |   4.00 |   3.67 |  -1.50 |   6.83 |  -1.67 |  -0.00 |   5.00 |   4.50 |   6.50 |   5.83 |   5.83 |   0.00 |  -3.00 |  -0.83 |  -0.00 |  -2.50 |   2.50 |  -1.17 |   0.17 |   4.83 |   2.83 |   0.50 |   2.83 |  -0.67 |   5.33 |   1.67 |   4.50 |   1.33 |  -0.33 |   0.00 |   0.00 |  -0.50 |   1.00 |   0.00 |   0.00 |   0.00 |   0.00 |  -0.17 |   0.00 |  28.33 |
 y35 |   0.00 |   0.00 |   2.67 |  -0.75 |   0.08 |   1.83 |  -8.50 |   2.00 |  -3.75 |   3.25 |   1.58 |   4.08 |   0.00 |   2.50 |  -6.08 |   1.00 |  -1.25 |   2.75 |   3.08 |  -2.58 |   4.58 |   1.08 |   1.25 |   2.08 |  -3.67 |  -1.17 |  -6.83 |  -8.75 |  -5.17 |   2.17 |   0.00 |   0.00 |  -0.25 |   0.00 |   1.00 |   0.00 |   0.00 |   0.00 |  -0.92 |   0.00 |  13.83 |
 y36 |   0.00 |  11.00 |  -2.00 |  -0.17 |   3.17 |   6.33 |   3.67 |  -2.33 |   3.17 |  -0.17 |   3.17 |  -1.50 |   0.00 |  -1.67 |  11.17 |  -1.33 |   2.50 |   1.50 |  -4.50 |  -4.17 |   1.83 |   4.83 |  -0.50 |  -3.17 |  -2.67 |   1.33 |  10.33 |   9.50 |   5.33 |  10.00 |   0.00 |   0.00 |  -1.17 |   0.00 |   0.00 |   1.00 |   0.00 |   0.00 |   0.83 |   0.00 |  20.00 |
 y37 |   0.00 |  -1.00 |   0.67 |  -0.42 |   8.75 |   2.17 |   0.17 |   2.67 |  -1.08 |   3.58 |   4.25 |   3.08 |   0.00 |  -0.17 |   1.58 |   5.67 |  -0.25 |   3.75 |   1.08 |   5.75 |   2.92 |   3.42 |   5.25 |   3.42 |   3.67 |   5.17 |  -1.50 |  -2.75 |   5.17 |   4.17 |   0.00 |   0.00 |   0.08 |   0.00 |   0.00 |   0.00 |   1.00 |   0.00 |  -0.58 |   0.00 |  37.83 |
 y38 |   0.00 |   3.00 |  -3.00 |   3.17 |   0.83 |   0.67 |   5.33 |   2.33 |   0.83 |   4.17 |   1.83 |   0.50 |   0.00 |  -2.33 |   6.83 |  -1.67 |   0.50 |   0.50 |   0.50 |  -4.83 |   5.17 |   0.17 |  -3.50 |  -3.83 |   0.67 |   0.67 |   2.67 |  -1.50 |   3.67 |   5.00 |   0.00 |   0.00 |  -0.83 |   0.00 |   0.00 |   0.00 |   0.00 |   1.00 |   0.17 |   0.00 |  35.00 |
  y1 |   1.00 |   1.00 |  -0.33 |  -0.17 |  -0.50 |   0.67 |   0.67 |  -0.33 |   0.17 |  -0.17 |   0.50 |  -0.17 |   0.00 |  -0.67 |   0.83 |  -0.33 |  -0.50 |  -0.50 |  -1.17 |  -0.50 |   0.17 |   0.17 |  -0.50 |  -0.83 |  -0.33 |  -0.33 |   1.00 |   0.50 |   0.67 |   0.67 |   0.00 |   0.00 |  -0.17 |   0.00 |   0.00 |   0.00 |   0.00 |   0.00 |   0.17 |   0.00 |   1.33 |
 y40 |   0.00 | -14.00 |  -0.67 |   3.50 |   7.17 |  -5.33 | -12.00 |  -0.00 |  -4.50 |   3.50 |  -3.83 |   4.17 |   0.00 |   4.00 | -10.17 |   3.00 |  -1.50 |  -1.50 |   4.17 |  -4.17 |  -0.83 |  -1.83 |   2.50 |   6.17 |   0.67 |   4.67 | -11.67 | -12.50 |  -6.33 |  -0.67 |   0.00 |   0.00 |   0.50 |   0.00 |   0.00 |   0.00 |   0.00 |   0.00 |  -1.83 |   1.00 |   3.67 |
     |   y1   |   y2   |   y3   |   y4   |   y5   |   y6   |   y7   |   y8   |   y9   |   y10  |   y11  |   y12  |   y13  |   y14  |   y15  |   y16  |   y17  |   y18  |   y19  |   y20  |   y21  |   y22  |   y23  |   y24  |   y25  |   y26  |   y27  |   y28  |   y29  |   y30  |   y31  |   y32  |   y33  |   y34  |   y35  |   y36  |   y37  |   y38  |   y39  |   y40  |    b   |
 y31 |   0.00 |   1.72 |  -0.82 |   0.37 |   1.47 |   5.59 |   5.49 |   7.54 |   8.15 |   6.88 |   3.44 |   3.23 |   0.00 |   4.26 |   3.03 |   2.29 |   6.16 |   4.39 |   0.00 |   0.56 |   3.49 |   6.97 |  -4.88 |  -4.29 |   2.84 |   1.85 |  10.16 |  -0.62 |   2.31 |   3.42 |   1.00 |   0.26 |  -0.87 |   0.00 |   0.00 |   0.00 |   0.00 |   0.00 |   0.20 |   0.00 |  33.34 |
 y19 |   0.00 |  -0.67 |   0.27 |  -0.11 |   0.38 |   0.22 |  -0.36 |   0.98 |   0.64 |   0.16 |  -0.42 |   0.60 |   0.00 |   0.22 |  -0.29 |   0.84 |   0.73 |   0.33 |   1.00 |   0.42 |   0.82 |   0.29 |  -0.07 |   0.16 |   0.09 |   0.36 |  -0.18 |   0.07 |  -0.44 |   0.13 |   0.00 |   0.13 |   0.02 |   0.00 |   0.00 |   0.00 |   0.00 |   0.00 |  -0.11 |   0.00 |   0.27 |
 y13 |   0.00 |   1.72 |   0.78 |   0.37 |   0.07 |   1.59 |   1.69 |   0.74 |   1.35 |   0.48 |   1.24 |   0.83 |   1.00 |   0.26 |   1.63 |   0.69 |   0.56 |   0.39 |   0.00 |   0.76 |   1.09 |   1.37 |   0.72 |   0.31 |   1.04 |   0.65 |   1.76 |   1.78 |   1.31 |   1.22 |   0.00 |   0.06 |  -0.07 |   0.00 |   0.00 |   0.00 |   0.00 |   0.00 |   0.20 |   0.00 |   3.94 |
 y34 |   0.00 |   3.22 |   3.98 |  -1.63 |   7.27 |  -1.41 |  -0.41 |   6.14 |   5.25 |   6.68 |   5.34 |   6.53 |   0.00 |  -2.74 |  -1.17 |   0.99 |  -1.64 |   2.89 |   0.00 |   0.66 |   5.79 |   3.17 |   0.42 |   3.01 |  -0.56 |   5.75 |   1.46 |   4.58 |   0.81 |  -0.18 |   0.00 |   0.16 |  -0.47 |   1.00 |   0.00 |   0.00 |   0.00 |   0.00 |  -0.30 |   0.00 |  28.64 |
 y35 |   0.00 |   2.06 |   1.84 |  -0.41 |  -1.08 |   1.15 |  -7.40 |  -1.01 |  -5.74 |   2.77 |   2.89 |   2.23 |   0.00 |   1.81 |  -5.19 |  -1.60 |  -3.51 |   1.72 |   0.00 |  -3.89 |   2.05 |   0.19 |   1.46 |   1.60 |  -3.94 |  -2.26 |  -6.29 |  -8.96 |  -3.80 |   1.76 |   0.00 |  -0.41 |  -0.32 |   0.00 |   1.00 |   0.00 |   0.00 |   0.00 |  -0.57 |   0.00 |  13.01 |
 y36 |   0.00 |   8.00 |  -0.80 |  -0.67 |   4.87 |   7.33 |   2.07 |   2.07 |   6.07 |   0.53 |   1.27 |   1.20 |   0.00 |  -0.67 |   9.87 |   2.47 |   5.80 |   3.00 |   0.00 |  -2.27 |   5.53 |   6.13 |  -0.80 |  -2.47 |  -2.27 |   2.93 |   9.53 |   9.80 |   3.33 |  10.60 |   0.00 |   0.60 |  -1.07 |   0.00 |   0.00 |   1.00 |   0.00 |   0.00 |   0.33 |   0.00 |  21.20 |
 y37 |   0.00 |  -0.28 |   0.38 |  -0.30 |   8.34 |   1.93 |   0.55 |   1.61 |  -1.78 |   3.41 |   4.71 |   2.43 |   0.00 |  -0.41 |   1.90 |   4.75 |  -1.04 |   3.39 |   0.00 |   5.29 |   2.03 |   3.10 |   5.32 |   3.25 |   3.57 |   4.78 |  -1.31 |  -2.82 |   5.65 |   4.02 |   0.00 |  -0.14 |   0.06 |   0.00 |   0.00 |   0.00 |   1.00 |   0.00 |  -0.46 |   0.00 |  37.54 |
 y38 |   0.00 |   3.33 |  -3.13 |   3.22 |   0.64 |   0.56 |   5.51 |   1.84 |   0.51 |   4.09 |   2.04 |   0.20 |   0.00 |  -2.44 |   6.98 |  -2.09 |   0.13 |   0.33 |   0.00 |  -5.04 |   4.76 |   0.02 |  -3.47 |  -3.91 |   0.62 |   0.49 |   2.76 |  -1.53 |   3.89 |   4.93 |   0.00 |  -0.07 |  -0.84 |   0.00 |   0.00 |   0.00 |   0.00 |   1.00 |   0.22 |   0.00 |  34.87 |
  y1 |   1.00 |   0.22 |  -0.02 |  -0.30 |  -0.06 |   0.93 |   0.25 |   0.81 |   0.92 |   0.01 |   0.01 |   0.53 |   0.00 |  -0.41 |   0.50 |   0.65 |   0.36 |  -0.11 |   0.00 |  -0.01 |   1.13 |   0.50 |  -0.58 |  -0.65 |  -0.23 |   0.08 |   0.79 |   0.58 |   0.15 |   0.82 |   0.00 |   0.16 |  -0.14 |   0.00 |   0.00 |   0.00 |   0.00 |   0.00 |   0.04 |   0.00 |   1.64 |
 y40 |   0.00 | -11.22 |  -1.78 |   3.96 |   5.59 |  -6.26 | -10.52 |  -4.07 |  -7.19 |   2.85 |  -2.07 |   1.67 |   0.00 |   3.07 |  -8.96 |  -0.52 |  -4.56 |  -2.89 |   0.00 |  -5.93 |  -4.26 |  -3.04 |   2.78 |   5.52 |   0.30 |   3.19 | -10.93 | -12.78 |  -4.48 |  -1.22 |   0.00 |  -0.56 |   0.41 |   0.00 |   0.00 |   0.00 |   0.00 |   0.00 |  -1.37 |   1.00 |   2.56 |
     |   y1   |   y2   |   y3   |   y4   |   y5   |   y6   |   y7   |   y8   |   y9   |   y10  |   y11  |   y12  |   y13  |   y14  |   y15  |   y16  |   y17  |   y18  |   y19  |   y20  |   y21  |   y22  |   y23  |   y24  |   y25  |   y26  |   y27  |   y28  |   y29  |   y30  |   y31  |   y32  |   y33  |   y34  |   y35  |   y36  |   y37  |   y38  |   y39  |   y40  |    b   |
 y31 |   0.00 |  17.27 |   1.64 |  -5.12 |  -6.27 |  14.27 |  20.06 |  13.19 |  18.11 |   2.93 |   6.31 |   0.92 |   0.00 |   0.00 |  15.45 |   3.00 |  12.47 |   8.39 |   0.00 |   8.77 |   9.39 |  11.18 |  -8.73 | -11.93 |   2.43 |  -2.57 |  25.30 |  17.08 |   8.52 |   5.12 |   1.00 |   1.03 |  -1.44 |   0.00 |   0.00 |   0.00 |   0.00 |   0.00 |   2.10 |  -1.39 |  29.80 |
 y19 |   0.00 |   0.14 |   0.40 |  -0.40 |  -0.03 |   0.67 |   0.40 |   1.27 |   1.16 |  -0.05 |  -0.27 |   0.48 |   0.00 |   0.00 |   0.36 |   0.88 |   1.06 |   0.54 |   1.00 |   0.85 |   1.13 |   0.51 |  -0.27 |  -0.24 |   0.07 |   0.13 |   0.61 |   0.99 |  -0.12 |   0.22 |   0.00 |   0.17 |  -0.01 |   0.00 |   0.00 |   0.00 |   0.00 |   0.00 |  -0.01 |  -0.07 |   0.08 |
 y13 |   0.00 |   2.67 |   0.93 |   0.04 |  -0.40 |   2.12 |   2.57 |   1.08 |   1.96 |   0.24 |   1.42 |   0.69 |   1.00 |   0.00 |   2.39 |   0.73 |   0.94 |   0.63 |   0.00 |   1.26 |   1.45 |   1.63 |   0.49 |  -0.15 |   1.01 |   0.38 |   2.68 |   2.86 |   1.69 |   1.33 |   0.00 |   0.10 |  -0.11 |   0.00 |   0.00 |   0.00 |   0.00 |   0.00 |   0.32 |  -0.08 |   3.73 |
 y34 |   0.00 |  -6.78 |   2.39 |   1.90 |  12.26 |  -6.99 |  -9.79 |   2.51 |  -1.15 |   9.22 |   3.49 |   8.02 |   0.00 |   0.00 |  -9.16 |   0.52 |  -5.71 |   0.31 |   0.00 |  -4.62 |   2.00 |   0.46 |   2.90 |   7.93 |  -0.30 |   8.59 |  -8.28 |  -6.81 |  -3.18 |  -1.27 |   0.00 |  -0.34 |  -0.11 |   1.00 |   0.00 |   0.00 |   0.00 |   0.00 |  -1.52 |   0.89 |  30.92 |
 y35 |   0.00 |   8.68 |   2.89 |  -2.75 |  -4.38 |   4.84 |  -1.19 |   1.39 |  -1.50 |   1.09 |   4.11 |   1.25 |   0.00 |   0.00 |   0.10 |  -1.30 |  -0.82 |   3.43 |   0.00 |  -0.39 |   4.56 |   1.99 |  -0.18 |  -1.65 |  -4.12 |  -4.14 |   0.17 |  -1.41 |  -1.15 |   2.48 |   0.00 |  -0.08 |  -0.56 |   0.00 |   1.00 |   0.00 |   0.00 |   0.00 |   0.23 |  -0.59 |  11.50 |
 y36 |   0.00 |   5.57 |  -1.19 |   0.19 |   6.08 |   5.98 |  -0.21 |   1.18 |   4.51 |   1.15 |   0.82 |   1.56 |   0.00 |   0.00 |   7.92 |   2.35 |   4.81 |   2.37 |   0.00 |  -3.55 |   4.61 |   5.47 |  -0.20 |  -1.27 |  -2.20 |   3.62 |   7.16 |   7.03 |   2.36 |  10.33 |   0.00 |   0.48 |  -0.98 |   0.00 |   0.00 |   1.00 |   0.00 |   0.00 |   0.04 |   0.22 |  21.75 |
 y37 |   0.00 |  -1.77 |   0.14 |   0.23 |   9.08 |   1.10 |  -0.84 |   1.07 |  -2.73 |   3.79 |   4.43 |   2.65 |   0.00 |   0.00 |   0.71 |   4.68 |  -1.65 |   3.01 |   0.00 |   4.51 |   1.46 |   2.70 |   5.69 |   3.98 |   3.61 |   5.20 |  -2.76 |  -4.52 |   5.05 |   3.86 |   0.00 |  -0.22 |   0.11 |   0.00 |   0.00 |   0.00 |   1.00 |   0.00 |  -0.64 |   0.13 |  37.88 |
 y38 |   0.00 |  -5.59 |  -4.55 |   6.37 |   5.09 |  -4.42 |  -2.85 |  -1.40 |  -5.20 |   6.36 |   0.40 |   1.53 |   0.00 |   0.00 |  -0.15 |  -2.50 |  -3.49 |  -1.96 |   0.00 |  -9.76 |   1.37 |  -2.39 |  -1.26 |   0.48 |   0.86 |   3.02 |  -5.93 | -11.69 |   0.33 |   3.96 |   0.00 |  -0.51 |  -0.52 |   0.00 |   0.00 |   0.00 |   0.00 |   1.00 |  -0.87 |   0.80 |  36.90 |
  y1 |   1.00 |  -1.27 |  -0.26 |   0.23 |   0.68 |   0.10 |  -1.14 |   0.27 |  -0.03 |   0.39 |  -0.27 |   0.75 |   0.00 |   0.00 |  -0.69 |   0.58 |  -0.25 |  -0.49 |   0.00 |  -0.79 |   0.56 |   0.10 |  -0.21 |   0.08 |  -0.19 |   0.50 |  -0.66 |  -1.12 |  -0.45 |   0.66 |   0.00 |   0.08 |  -0.09 |   0.00 |   0.00 |   0.00 |   0.00 |   0.00 |  -0.14 |   0.13 |   1.98 |
 y14 |   0.00 |  -3.65 |  -0.58 |   1.29 |   1.82 |  -2.04 |  -3.42 |  -1.33 |  -2.34 |   0.93 |  -0.67 |   0.54 |   0.00 |   1.00 |  -2.92 |  -0.17 |  -1.48 |  -0.94 |   0.00 |  -1.93 |  -1.39 |  -0.99 |   0.90 |   1.80 |   0.10 |   1.04 |  -3.55 |  -4.16 |  -1.46 |  -0.40 |   0.00 |  -0.18 |   0.13 |   0.00 |   0.00 |   0.00 |   0.00 |   0.00 |  -0.45 |   0.33 |   0.83 |
     |   y1   |   y2   |   y3   |   y4   |   y5   |   y6   |   y7   |   y8   |   y9   |   y10  |   y11  |   y12  |   y13  |   y14  |   y15  |   y16  |   y17  |   y18  |   y19  |   y20  |   y21  |   y22  |   y23  |   y24  |   y25  |   y26  |   y27  |   y28  |   y29  |   y30  |   y31  |   y32  |   y33  |   y34  |   y35  |   y36  |   y37  |   y38  |   y39  |   y40  |    b   |
 y31 |   0.00 |  10.11 | -17.94 |  14.58 |  -4.96 | -19.17 |   0.00 | -49.86 | -39.56 |   5.44 |  19.81 | -22.84 |   0.00 |   0.00 |  -2.34 | -40.70 | -40.19 | -18.47 | -49.55 | -33.38 | -46.60 | -14.01 |   4.53 |   0.13 |  -0.92 |  -8.77 |  -5.03 | -31.99 |  14.49 |  -5.87 |   1.00 |  -7.57 |  -1.08 |   0.00 |   0.00 |   0.00 |   0.00 |   0.00 |   2.70 |   2.20 |  25.74 |
  y7 |   0.00 |   0.36 |   0.98 |  -0.98 |  -0.07 |   1.67 |   1.00 |   3.14 |   2.88 |  -0.12 |  -0.67 |   1.18 |   0.00 |   0.00 |   0.89 |   2.18 |   2.63 |   1.34 |   2.47 |   2.10 |   2.79 |   1.26 |  -0.66 |  -0.60 |   0.17 |   0.31 |   1.51 |   2.45 |  -0.30 |   0.55 |   0.00 |   0.43 |  -0.02 |   0.00 |   0.00 |   0.00 |   0.00 |   0.00 |  -0.03 |  -0.18 |   0.20 |
 y13 |   0.00 |   1.75 |  -1.58 |   2.56 |  -0.23 |  -2.17 |   0.00 |  -7.00 |  -5.44 |   0.56 |   3.15 |  -2.35 |   1.00 |   0.00 |   0.10 |  -4.88 |  -5.81 |  -2.81 |  -6.35 |  -4.15 |  -5.73 |  -1.60 |   2.19 |   1.40 |   0.58 |  -0.42 |  -1.21 |  -3.44 |   2.46 |  -0.08 |   0.00 |  -1.00 |  -0.06 |   0.00 |   0.00 |   0.00 |   0.00 |   0.00 |   0.40 |   0.38 |   3.21 |
 y34 |   0.00 |  -3.29 |  11.95 |  -7.71 |  11.62 |   9.33 |   0.00 |  33.29 |  27.00 |   8.00 |  -3.10 |  19.62 |   0.00 |   0.00 |  -0.48 |  21.86 |  20.00 |  13.43 |  24.19 |  15.95 |  29.33 |  12.76 |  -3.57 |   2.05 |   1.33 |  11.62 |   6.52 |  17.14 |  -6.10 |   4.10 |   0.00 |   3.86 |  -0.29 |   1.00 |   0.00 |   0.00 |   0.00 |   0.00 |  -1.81 |  -0.86 |  32.90 |
 y35 |   0.00 |   9.11 |   4.06 |  -3.92 |  -4.46 |   6.83 |   0.00 |   5.14 |   1.94 |   0.94 |   3.31 |   2.66 |   0.00 |   0.00 |   1.16 |   1.30 |   2.31 |   5.03 |   2.95 |   2.12 |   7.90 |   3.49 |  -0.97 |  -2.37 |  -3.92 |  -3.77 |   1.97 |   1.51 |  -1.51 |   3.13 |   0.00 |   0.43 |  -0.58 |   0.00 |   1.00 |   0.00 |   0.00 |   0.00 |   0.20 |  -0.80 |  11.74 |
 y36 |   0.00 |   5.64 |  -0.98 |  -0.02 |   6.07 |   6.33 |   0.00 |   1.86 |   5.13 |   1.13 |   0.67 |   1.82 |   0.00 |   0.00 |   8.11 |   2.82 |   5.38 |   2.66 |   0.53 |  -3.10 |   5.21 |   5.74 |  -0.34 |  -1.40 |  -2.17 |   3.69 |   7.49 |   7.55 |   2.30 |  10.45 |   0.00 |   0.57 |  -0.98 |   0.00 |   0.00 |   1.00 |   0.00 |   0.00 |   0.03 |   0.18 |  21.80 |
 y37 |   0.00 |  -1.46 |   0.96 |  -0.60 |   9.03 |   2.50 |   0.00 |   3.71 |  -0.31 |   3.69 |   3.87 |   3.65 |   0.00 |   0.00 |   1.46 |   6.52 |   0.56 |   4.13 |   2.08 |   6.28 |   3.81 |   3.76 |   5.13 |   3.47 |   3.75 |   5.46 |  -1.48 |  -2.46 |   4.80 |   4.32 |   0.00 |   0.14 |   0.10 |   0.00 |   0.00 |   0.00 |   1.00 |   0.00 |  -0.67 |  -0.02 |  38.05 |
 y38 |   0.00 |  -4.57 |  -1.76 |   3.57 |   4.90 |   0.33 |   0.00 |   7.57 |   3.00 |   6.00 |  -1.52 |   4.90 |   0.00 |   0.00 |   2.38 |   3.71 |   4.00 |   1.86 |   7.05 |  -3.76 |   9.33 |   1.19 |  -3.14 |  -1.24 |   1.33 |   3.90 |  -1.62 |  -4.71 |  -0.52 |   5.52 |   0.00 |   0.71 |  -0.57 |   0.00 |   0.00 |   0.00 |   0.00 |   1.00 |  -0.95 |   0.29 |  37.48 |
  y1 |   1.00 |  -0.86 |   0.86 |  -0.89 |   0.61 |   2.00 |   0.00 |   3.86 |   3.25 |   0.25 |  -1.04 |   2.11 |   0.00 |   0.00 |   0.32 |   3.07 |   2.75 |   1.04 |   2.82 |   1.61 |   3.75 |   1.54 |  -0.96 |  -0.61 |   0.00 |   0.86 |   1.07 |   1.68 |  -0.79 |   1.29 |   0.00 |   0.57 |  -0.11 |   0.00 |   0.00 |   0.00 |   0.00 |   0.00 |  -0.18 |  -0.07 |   2.21 |
 y14 |   0.00 |  -2.43 |   2.76 |  -2.07 |   1.60 |   3.67 |   0.00 |   9.43 |   7.50 |   0.50 |  -2.98 |   4.60 |   0.00 |   1.00 |   0.12 |   7.29 |   7.50 |   3.64 |   8.45 |   5.26 |   8.17 |   3.31 |  -1.36 |  -0.26 |   0.67 |   2.10 |   1.62 |   4.21 |  -2.48 |   1.48 |   0.00 |   1.29 |   0.07 |   0.00 |   0.00 |   0.00 |   0.00 |   0.00 |  -0.55 |  -0.29 |   1.52 |
     |   y1   |   y2   |   y3   |   y4   |   y5   |   y6   |   y7   |   y8   |   y9   |   y10  |   y11  |   y12  |   y13  |   y14  |   y15  |   y16  |   y17  |   y18  |   y19  |   y20  |   y21  |   y22  |   y23  |   y24  |   y25  |   y26  |   y27  |   y28  |   y29  |   y30  |   y31  |   y32  |   y33  |   y34  |   y35  |   y36  |   y37  |   y38  |   y39  |   y40  |    b   |
 y31 |   0.00 |   0.15 |  -8.93 |   0.00 |  -3.66 |  -6.84 |   0.00 | -10.03 |  -8.62 |   2.24 |   1.91 |  -9.44 |  -5.69 |   0.00 |  -2.93 | -12.96 |  -7.11 |  -2.47 | -13.40 |  -9.79 | -14.01 |  -4.89 |  -7.92 |  -7.81 |  -4.24 |  -6.40 |   1.85 | -12.43 |   0.51 |  -5.39 |   1.00 |  -1.88 |  -0.72 |   0.00 |   0.00 |   0.00 |   0.00 |   0.00 |   0.45 |   0.06 |   7.49 |
  y7 |   0.00 |   1.03 |   0.37 |   0.00 |  -0.15 |   0.84 |   1.00 |   0.46 |   0.79 |   0.09 |   0.53 |   0.28 |   0.38 |   0.00 |   0.93 |   0.31 |   0.40 |   0.26 |   0.03 |   0.51 |   0.60 |   0.64 |   0.18 |  -0.07 |   0.39 |   0.15 |   1.05 |   1.13 |   0.64 |   0.52 |   0.00 |   0.05 |  -0.04 |   0.00 |   0.00 |   0.00 |   0.00 |   0.00 |   0.12 |  -0.03 |   1.43 |
  y4 |   0.00 |   0.68 |  -0.62 |   1.00 |  -0.09 |  -0.85 |   0.00 |  -2.73 |  -2.12 |   0.22 |   1.23 |  -0.92 |   0.39 |   0.00 |   0.04 |  -1.90 |  -2.27 |  -1.10 |  -2.48 |  -1.62 |  -2.24 |  -0.63 |   0.85 |   0.54 |   0.23 |  -0.16 |  -0.47 |  -1.34 |   0.96 |  -0.03 |   0.00 |  -0.39 |  -0.02 |   0.00 |   0.00 |   0.00 |   0.00 |   0.00 |   0.15 |   0.15 |   1.25 |
 y34 |   0.00 |   1.98 |   7.19 |   0.00 |  10.93 |   2.81 |   0.00 |  12.21 |  10.63 |   9.69 |   6.38 |  12.53 |   3.01 |   0.00 |  -0.16 |   7.18 |   2.50 |   4.96 |   5.06 |   3.47 |  12.09 |   7.93 |   3.01 |   6.25 |   3.09 |  10.36 |   2.89 |   6.79 |   1.31 |   3.84 |   0.00 |   0.85 |  -0.47 |   1.00 |   0.00 |   0.00 |   0.00 |   0.00 |  -0.62 |   0.27 |  42.56 |
 y35 |   0.00 |  11.78 |   1.64 |   0.00 |  -4.81 |   3.52 |   0.00 |  -5.56 |  -6.38 |   1.80 |   8.12 |  -0.94 |   1.53 |   0.00 |   1.32 |  -6.15 |  -6.58 |   0.72 |  -6.77 |  -4.22 |  -0.87 |   1.03 |   2.37 |  -0.24 |  -3.02 |  -4.41 |   0.12 |  -3.75 |   2.25 |   3.00 |   0.00 |  -1.10 |  -0.68 |   0.00 |   1.00 |   0.00 |   0.00 |   0.00 |   0.80 |  -0.23 |  16.65 |
 y36 |   0.00 |   5.66 |  -0.99 |   0.00 |   6.06 |   6.32 |   0.00 |   1.81 |   5.09 |   1.13 |   0.69 |   1.80 |   0.01 |   0.00 |   8.11 |   2.79 |   5.33 |   2.64 |   0.49 |  -3.13 |   5.17 |   5.73 |  -0.32 |  -1.39 |  -2.16 |   3.69 |   7.48 |   7.53 |   2.31 |  10.45 |   0.00 |   0.56 |  -0.98 |   0.00 |   0.00 |   1.00 |   0.00 |   0.00 |   0.03 |   0.18 |  21.82 |
 y37 |   0.00 |  -1.06 |   0.59 |   0.00 |   8.97 |   1.99 |   0.00 |   2.08 |  -1.58 |   3.82 |   4.60 |   3.10 |   0.23 |   0.00 |   1.48 |   5.38 |  -0.79 |   3.48 |   0.60 |   5.31 |   2.48 |   3.38 |   5.64 |   3.80 |   3.89 |   5.37 |  -1.76 |  -3.26 |   5.38 |   4.30 |   0.00 |  -0.09 |   0.08 |   0.00 |   0.00 |   0.00 |   1.00 |   0.00 |  -0.58 |   0.07 |  38.80 |
 y38 |   0.00 |  -7.01 |   0.44 |   0.00 |   5.22 |   3.35 |   0.00 |  17.33 |  10.58 |   5.22 |  -5.91 |   8.19 |  -1.39 |   0.00 |   2.24 |  10.51 |  12.10 |   5.78 |  15.90 |   2.02 |  17.32 |   3.43 |  -6.19 |  -3.18 |   0.52 |   4.49 |   0.07 |   0.08 |  -3.95 |   5.64 |   0.00 |   2.11 |  -0.48 |   0.00 |   0.00 |   0.00 |   0.00 |   1.00 |  -1.50 |  -0.24 |  33.00 |
  y1 |   1.00 |  -0.25 |   0.31 |   0.00 |   0.53 |   1.25 |   0.00 |   1.42 |   1.36 |   0.45 |   0.06 |   1.29 |   0.35 |   0.00 |   0.36 |   1.37 |   0.72 |   0.06 |   0.61 |   0.16 |   1.75 |   0.98 |  -0.20 |  -0.12 |   0.20 |   0.71 |   0.65 |   0.48 |   0.07 |   1.26 |   0.00 |   0.22 |  -0.13 |   0.00 |   0.00 |   0.00 |   0.00 |   0.00 |  -0.04 |   0.06 |   3.33 |
 y14 |   0.00 |  -1.01 |   1.48 |   0.00 |   1.41 |   1.92 |   0.00 |   3.77 |   3.10 |   0.95 |  -0.43 |   2.69 |   0.81 |   1.00 |   0.20 |   3.34 |   2.80 |   1.37 |   3.32 |   1.91 |   3.54 |   2.01 |   0.41 |   0.87 |   1.14 |   1.76 |   0.64 |   1.44 |  -0.49 |   1.41 |   0.00 |   0.48 |   0.02 |   0.00 |   0.00 |   0.00 |   0.00 |   0.00 |  -0.23 |   0.02 |   4.12 |
     |   y1   |   y2   |   y3   |   y4   |   y5   |   y6   |   y7   |   y8   |   y9   |   y10  |   y11  |   y12  |   y13  |   y14  |   y15  |   y16  |   y17  |   y18  |   y19  |   y20  |   y21  |   y22  |   y23  |   y24  |   y25  |   y26  |   y27  |   y28  |   y29  |   y30  |   y31  |   y32  |   y33  |   y34  |   y35  |   y36  |   y37  |   y38  |   y39  |   y40  |    b   |
 y31 |   0.00 |  -1.68 |  -6.26 |   0.00 |  -1.11 |  -3.38 |   0.00 |  -3.23 |  -3.02 |   3.96 |   1.13 |  -4.58 |  -4.23 |   1.80 |  -2.57 |  -6.92 |  -2.06 |   0.00 |  -7.41 |  -6.34 |  -7.63 |  -1.26 |  -7.18 |  -6.25 |  -2.18 |  -3.23 |   3.00 |  -9.84 |  -0.38 |  -2.85 |   1.00 |  -1.02 |  -0.69 |   0.00 |   0.00 |   0.00 |   0.00 |   0.00 |   0.04 |   0.09 |  14.92 |
  y7 |   0.00 |   1.22 |   0.09 |   0.00 |  -0.42 |   0.47 |   1.00 |  -0.26 |   0.20 |  -0.09 |   0.62 |  -0.23 |   0.23 |  -0.19 |   0.89 |  -0.33 |  -0.14 |   0.00 |  -0.60 |   0.15 |  -0.08 |   0.26 |   0.10 |  -0.23 |   0.17 |  -0.19 |   0.93 |   0.85 |   0.74 |   0.25 |   0.00 |  -0.05 |  -0.05 |   0.00 |   0.00 |   0.00 |   0.00 |   0.00 |   0.17 |  -0.04 |   0.65 |
  y4 |   0.00 |  -0.13 |   0.57 |   1.00 |   1.04 |   0.69 |   0.00 |   0.29 |   0.37 |   0.98 |   0.88 |   1.24 |   1.04 |   0.80 |   0.20 |   0.78 |  -0.02 |   0.00 |   0.18 |  -0.09 |   0.60 |   0.99 |   1.18 |   1.24 |   1.14 |   1.25 |   0.04 |  -0.19 |   0.57 |   1.10 |   0.00 |  -0.01 |  -0.01 |   0.00 |   0.00 |   0.00 |   0.00 |   0.00 |  -0.03 |   0.16 |   4.55 |
 y34 |   0.00 |   5.66 |   1.82 |   0.00 |   5.82 |  -4.13 |   0.00 |  -1.45 |  -0.62 |   6.23 |   7.94 |   2.78 |   0.08 |  -3.62 |  -0.90 |  -4.94 |  -7.65 |   0.00 |  -6.95 |  -3.45 |  -0.72 |   0.64 |   1.52 |   3.11 |  -1.03 |   3.99 |   0.56 |   1.59 |   3.08 |  -1.26 |   0.00 |  -0.88 |  -0.55 |   1.00 |   0.00 |   0.00 |   0.00 |   0.00 |   0.21 |   0.21 |  27.64 |
 y35 |   0.00 |  12.32 |   0.85 |   0.00 |  -5.56 |   2.51 |   0.00 |  -7.56 |  -8.02 |   1.29 |   8.35 |  -2.36 |   1.10 |  -0.53 |   1.21 |  -7.92 |  -8.06 |   0.00 |  -8.53 |  -5.23 |  -2.74 |  -0.03 |   2.16 |  -0.70 |  -3.63 |  -5.34 |  -0.22 |  -4.51 |   2.51 |   2.26 |   0.00 |  -1.35 |  -0.69 |   0.00 |   1.00 |   0.00 |   0.00 |   0.00 |   0.93 |  -0.24 |  14.47 |
 y36 |   0.00 |   7.61 |  -3.85 |   0.00 |   3.34 |   2.62 |   0.00 |  -5.46 |  -0.90 |  -0.71 |   1.53 |  -3.39 |  -1.55 |  -1.93 |   7.72 |  -3.66 |  -0.07 |   0.00 |  -5.91 |  -6.82 |  -1.65 |   1.85 |  -1.12 |  -3.06 |  -4.36 |   0.30 |   6.24 |   4.76 |   3.26 |   7.73 |   0.00 |  -0.36 |  -1.02 |   0.00 |   0.00 |   1.00 |   0.00 |   0.00 |   0.47 |   0.15 |  13.88 |
 y37 |   0.00 |   1.52 |  -3.17 |   0.00 |   5.39 |  -2.87 |   0.00 |  -7.49 |  -9.47 |   1.39 |   5.70 |  -3.73 |  -1.82 |  -2.54 |   0.96 |  -3.11 |  -7.91 |   0.00 |  -7.82 |   0.46 |  -6.50 |  -1.73 |   4.60 |   1.60 |   1.00 |   0.90 |  -3.40 |  -6.90 |   6.62 |   0.72 |   0.00 |  -1.30 |   0.03 |   0.00 |   0.00 |   0.00 |   1.00 |   0.00 |   0.00 |   0.03 |  28.35 |
 y38 |   0.00 |  -2.73 |  -5.81 |   0.00 |  -0.72 |  -4.73 |   0.00 |   1.42 |  -2.52 |   1.19 |  -4.08 |  -3.17 |  -4.80 |  -4.22 |   1.38 |  -3.60 |   0.28 |   0.00 |   1.91 |  -6.04 |   2.40 |  -5.07 |  -7.93 |  -6.84 |  -4.28 |  -2.93 |  -2.64 |  -5.98 |  -1.89 |  -0.30 |   0.00 |   0.09 |  -0.57 |   0.00 |   0.00 |   0.00 |   0.00 |   1.00 |  -0.54 |  -0.31 |  15.63 |
  y1 |   1.00 |  -0.21 |   0.25 |   0.00 |   0.47 |   1.17 |   0.00 |   1.26 |   1.23 |   0.41 |   0.08 |   1.18 |   0.32 |  -0.04 |   0.35 |   1.24 |   0.61 |   0.00 |   0.47 |   0.08 |   1.61 |   0.89 |  -0.22 |  -0.16 |   0.16 |   0.64 |   0.62 |   0.42 |   0.09 |   1.20 |   0.00 |   0.20 |  -0.13 |   0.00 |   0.00 |   0.00 |   0.00 |   0.00 |  -0.03 |   0.06 |   3.16 |
 y18 |   0.00 |  -0.74 |   1.08 |   0.00 |   1.03 |   1.40 |   0.00 |   2.75 |   2.27 |   0.70 |  -0.32 |   1.97 |   0.59 |   0.73 |   0.15 |   2.44 |   2.05 |   1.00 |   2.42 |   1.40 |   2.58 |   1.47 |   0.30 |   0.63 |   0.83 |   1.28 |   0.47 |   1.05 |  -0.36 |   1.03 |   0.00 |   0.35 |   0.02 |   0.00 |   0.00 |   0.00 |   0.00 |   0.00 |  -0.17 |   0.01 |   3.01 |
     |   y1   |   y2   |   y3   |   y4   |   y5   |   y6   |   y7   |   y8   |   y9   |   y10  |   y11  |   y12  |   y13  |   y14  |   y15  |   y16  |   y17  |   y18  |   y19  |   y20  |   y21  |   y22  |   y23  |   y24  |   y25  |   y26  |   y27  |   y28  |   y29  |   y30  |   y31  |   y32  |   y33  |   y34  |   y35  |   y36  |   y37  |   y38  |   y39  |   y40  |    b   |
 y31 |   0.00 | -35.00 |  42.44 |   0.00 |  45.22 |  59.56 |   0.00 | 120.67 |  99.00 |  35.33 | -13.11 |  83.89 |  22.33 |  34.67 |   4.11 | 103.00 |  90.00 |  45.00 | 101.56 |  56.44 | 108.56 |  64.89 |   6.33 |  22.22 |  35.22 |  54.56 |  24.11 |  37.33 | -16.44 |  43.44 |   1.00 |  14.67 |   0.00 |   0.00 |   0.00 |   0.00 |   0.00 |   0.00 |  -7.44 |   0.67 | 150.22 |
  y7 |   0.00 |  -1.00 |   3.33 |   0.00 |   2.67 |   4.67 |   1.00 |   8.00 |   7.00 |   2.00 |  -0.33 |   5.67 |   2.00 |   2.00 |   1.33 |   7.00 |   6.00 |   3.00 |   6.67 |   4.33 |   7.67 |   4.67 |   1.00 |   1.67 |   2.67 |   3.67 |   2.33 |   4.00 |  -0.33 |   3.33 |   0.00 |   1.00 |   0.00 |   0.00 |   0.00 |   0.00 |   0.00 |   0.00 |  -0.33 |  -0.00 |   9.67 |
  y4 |   0.00 |  -0.50 |   1.11 |   1.00 |   1.56 |   1.39 |   0.00 |   1.67 |   1.50 |   1.33 |   0.72 |   2.22 |   1.33 |   1.17 |   0.28 |   2.00 |   1.00 |   0.50 |   1.39 |   0.61 |   1.89 |   1.72 |   1.33 |   1.56 |   1.56 |   1.89 |   0.28 |   0.33 |   0.39 |   1.61 |   0.00 |   0.17 |   0.00 |   0.00 |   0.00 |   0.00 |   0.00 |   0.00 |  -0.11 |   0.17 |   6.06 |
 y34 |   0.00 | -21.00 |  40.78 |   0.00 |  42.89 |  46.22 |   0.00 |  97.67 |  81.00 |  31.33 |  -3.44 |  73.56 |  21.33 |  22.67 |   4.44 |  83.00 |  66.00 |  36.00 |  80.22 |  46.78 |  92.22 |  53.56 |  12.33 |  25.89 |  28.89 |  50.22 |  17.44 |  39.33 |  -9.78 |  35.78 |   0.00 |  11.67 |   0.00 |   1.00 |   0.00 |   0.00 |   0.00 |   0.00 |  -5.78 |   0.67 | 135.89 |
 y35 |   0.00 | -21.00 |  49.56 |   0.00 |  40.78 |  65.44 |   0.00 | 116.33 |  94.00 |  32.67 |  -5.89 |  86.11 |  27.67 |  32.33 |   7.89 | 102.00 |  84.00 |  45.00 | 100.44 |  57.56 | 113.44 |  66.11 |  15.67 |  27.78 |  33.78 |  52.44 |  20.89 |  42.67 | -13.56 |  48.56 |   0.00 |  14.33 |   0.00 |   0.00 |   1.00 |   0.00 |   0.00 |   0.00 |  -6.56 |   0.33 | 149.78 |
 y36 |   0.00 | -42.00 |  68.67 |   0.00 |  72.33 |  96.33 |   0.00 | 179.00 | 151.00 |  46.00 | -19.67 | 128.33 |  38.00 |  47.00 |  17.67 | 160.00 | 137.00 |  67.00 | 156.33 |  86.67 | 171.33 | 100.33 |  19.00 |  39.33 |  51.33 |  86.33 |  37.67 |  75.00 | -20.67 |  76.67 |   0.00 |  23.00 |   0.00 |   0.00 |   0.00 |   1.00 |   0.00 |   0.00 | -10.67 |   1.00 | 215.33 |
 y37 |   0.00 |   3.00 |  -5.33 |   0.00 |   3.33 |  -5.67 |   0.00 | -13.00 | -14.00 |   0.00 |   6.33 |  -7.67 |  -3.00 |  -4.00 |   0.67 |  -8.00 | -12.00 |  -2.00 | -12.67 |  -2.33 | -11.67 |  -4.67 |   4.00 |   0.33 |  -0.67 |  -1.67 |  -4.33 |  -9.00 |   7.33 |  -1.33 |   0.00 |  -2.00 |   0.00 |   0.00 |   0.00 |   0.00 |   1.00 |   0.00 |   0.33 |   0.00 |  22.33 |
 y38 |   0.00 | -30.50 |  34.78 |   0.00 |  37.89 |  47.72 |   0.00 | 104.67 |  82.50 |  27.33 | -15.94 |  70.56 |  17.33 |  23.17 |   6.94 |  88.00 |  77.00 |  37.50 |  92.72 |  46.28 |  99.22 |  50.06 |   3.33 |  16.89 |  26.89 |  45.22 |  14.94 |  33.33 | -15.28 |  38.28 |   0.00 |  13.17 |   0.00 |   0.00 |   0.00 |   0.00 |   0.00 |   1.00 |  -6.78 |   0.17 | 128.39 |
  y1 |   1.00 |  -6.50 |   9.44 |   0.00 |   9.22 |  13.06 |   0.00 |  24.67 |  20.50 |   6.33 |  -2.61 |  17.89 |   5.33 |   6.17 |   1.61 |  22.00 |  18.00 |   8.50 |  21.06 |  11.94 |  23.56 |  13.39 |   2.33 |   5.22 |   7.22 |  11.56 |   4.61 |   9.33 |  -2.94 |   9.94 |   0.00 |   3.17 |   0.00 |   0.00 |   0.00 |   0.00 |   0.00 |   0.00 |  -1.44 |   0.17 |  28.72 |
 y33 |   0.00 | -48.50 |  70.89 |   0.00 |  67.44 |  91.61 |   0.00 | 180.33 | 148.50 |  45.67 | -20.72 | 128.78 |  38.67 |  47.83 |   9.72 | 160.00 | 134.00 |  65.50 | 158.61 |  91.39 | 169.11 |  96.28 |  19.67 |  41.44 |  54.44 |  84.11 |  30.72 |  68.67 | -23.39 |  67.39 |   0.00 |  22.83 |   1.00 |   0.00 |   0.00 |   0.00 |   0.00 |   0.00 | -10.89 |   0.83 | 196.94 |
     |   y1   |   y2   |   y3   |   y4   |   y5   |   y6   |   y7   |   y8   |   y9   |   y10  |   y11  |   y12  |   y13  |   y14  |   y15  |   y16  |   y17  |   y18  |   y19  |   y20  |   y21  |   y22  |   y23  |   y24  |   y25  |   y26  |   y27  |   y28  |   y29  |   y30  |   y31  |   y32  |   y33  |   y34  |   y35  |   y36  |   y37  |   y38  |   y39  |   y40  |    b   |
 y31 |   0.00 |   0.00 | -19.78 |   0.00 |  84.11 |  -6.56 |   0.00 | -31.00 | -64.33 |  35.33 |  60.78 |  -5.56 | -12.67 | -12.00 |  11.89 |   9.67 | -50.00 |  21.67 | -46.22 |  29.22 | -27.56 |  10.44 |  53.00 |  26.11 |  27.44 |  35.11 | -26.44 | -67.67 |  69.11 |  27.89 |   1.00 |  -8.67 |   0.00 |   0.00 |   0.00 |   0.00 |  11.67 |   0.00 |  -3.56 |   0.67 | 410.78 |
  y7 |   0.00 |   0.00 |   1.56 |   0.00 |   3.78 |   2.78 |   1.00 |   3.67 |   2.33 |   2.00 |   1.78 |   3.11 |   1.00 |   0.67 |   1.56 |   4.33 |   2.00 |   2.33 |   2.44 |   3.56 |   3.78 |   3.11 |   2.33 |   1.78 |   2.44 |   3.11 |   0.89 |   1.00 |   2.11 |   2.89 |   0.00 |   0.33 |   0.00 |   0.00 |   0.00 |   0.00 |   0.33 |   0.00 |  -0.22 |  -0.00 |  17.11 |
  y4 |   0.00 |   0.00 |   0.22 |   1.00 |   2.11 |   0.44 |   0.00 |  -0.50 |  -0.83 |   1.33 |   1.78 |   0.94 |   0.83 |   0.50 |   0.39 |   0.67 |  -1.00 |   0.17 |  -0.72 |   0.22 |  -0.06 |   0.94 |   2.00 |   1.61 |   1.44 |   1.61 |  -0.44 |  -1.17 |   1.61 |   1.39 |   0.00 |  -0.17 |   0.00 |   0.00 |   0.00 |   0.00 |   0.17 |   0.00 |  -0.06 |   0.17 |   9.78 |
 y34 |   0.00 |   0.00 |   3.44 |   0.00 |  66.22 |   6.56 |   0.00 |   6.67 | -17.00 |  31.33 |  40.89 |  19.89 |   0.33 |  -5.33 |   9.11 |  27.00 | -18.00 |  22.00 |  -8.44 |  30.44 |  10.56 |  20.89 |  40.33 |  28.22 |  24.22 |  38.56 | -12.89 | -23.67 |  41.56 |  26.44 |   0.00 |  -2.33 |   0.00 |   1.00 |   0.00 |   0.00 |   7.00 |   0.00 |  -3.44 |   0.67 | 292.22 |
 y35 |   0.00 |   0.00 |  12.22 |   0.00 |  64.11 |  25.78 |   0.00 |  25.33 |  -4.00 |  32.67 |  38.44 |  32.44 |   6.67 |   4.33 |  12.56 |  46.00 |  -0.00 |  31.00 |  11.78 |  41.22 |  31.78 |  33.44 |  43.67 |  30.11 |  29.11 |  40.78 |  -9.44 | -20.33 |  37.78 |  39.22 |   0.00 |   0.33 |   0.00 |   0.00 |   1.00 |   0.00 |   7.00 |   0.00 |  -4.22 |   0.33 | 306.11 |
 y36 |   0.00 |   0.00 |  -6.00 |   0.00 | 119.00 |  17.00 |   0.00 |  -3.00 | -45.00 |  46.00 |  69.00 |  21.00 |  -4.00 |  -9.00 |  27.00 |  48.00 | -31.00 |  39.00 | -21.00 |  54.00 |   8.00 |  35.00 |  75.00 |  44.00 |  42.00 |  63.00 | -23.00 | -51.00 |  82.00 |  58.00 |   0.00 |  -5.00 |   0.00 |   0.00 |   0.00 |   1.00 |  14.00 |   0.00 |  -6.00 |   1.00 | 528.00 |
  y2 |   0.00 |   1.00 |  -1.78 |   0.00 |   1.11 |  -1.89 |   0.00 |  -4.33 |  -4.67 |   0.00 |   2.11 |  -2.56 |  -1.00 |  -1.33 |   0.22 |  -2.67 |  -4.00 |  -0.67 |  -4.22 |  -0.78 |  -3.89 |  -1.56 |   1.33 |   0.11 |  -0.22 |  -0.56 |  -1.44 |  -3.00 |   2.44 |  -0.44 |   0.00 |  -0.67 |   0.00 |   0.00 |   0.00 |   0.00 |   0.33 |   0.00 |   0.11 |   0.00 |   7.44 |
 y38 |   0.00 |   0.00 | -19.44 |   0.00 |  71.78 |  -9.89 |   0.00 | -27.50 | -59.83 |  27.33 |  48.44 |  -7.39 | -13.17 | -17.50 |  13.72 |   6.67 | -45.00 |  17.17 | -36.06 |  22.56 | -19.39 |   2.61 |  44.00 |  20.28 |  20.11 |  28.28 | -29.11 | -58.17 |  59.28 |  24.72 |   0.00 |  -7.17 |   0.00 |   0.00 |   0.00 |   0.00 |  10.17 |   1.00 |  -3.39 |   0.17 | 355.44 |
  y1 |   1.00 |   0.00 |  -2.11 |   0.00 |  16.44 |   0.78 |   0.00 |  -3.50 |  -9.83 |   6.33 |  11.11 |   1.28 |  -1.17 |  -2.50 |   3.06 |   4.67 |  -8.00 |   4.17 |  -6.39 |   6.89 |  -1.72 |   3.28 |  11.00 |   5.94 |   5.78 |   7.94 |  -4.78 | -10.17 |  12.94 |   7.06 |   0.00 |  -1.17 |   0.00 |   0.00 |   0.00 |   0.00 |   2.17 |   0.00 |  -0.72 |   0.17 |  77.11 |
 y33 |   0.00 |   0.00 | -15.33 |   0.00 | 121.33 |  -0.00 |   0.00 | -29.83 | -77.83 |  45.67 |  81.67 |   4.83 |  -9.83 | -16.83 |  20.50 |  30.67 | -60.00 |  33.17 | -46.17 |  53.67 | -19.50 |  20.83 |  84.33 |  46.83 |  43.67 |  57.17 | -39.33 | -76.83 |  95.17 |  45.83 |   0.00 |  -9.50 |   1.00 |   0.00 |   0.00 |   0.00 |  16.17 |   0.00 |  -5.50 |   0.83 | 558.00 |
     |   y1   |   y2   |   y3   |   y4   |   y5   |   y6   |   y7   |   y8   |   y9   |   y10  |   y11  |   y12  |   y13  |   y14  |   y15  |   y16  |   y17  |   y18  |   y19  |   y20  |   y21  |   y22  |   y23  |   y24  |   y25  |   y26  |   y27  |   y28  |   y29  |   y30  |   y31  |   y32  |   y33  |   y34  |   y35  |   y36  |   y37  |   y38  |   y39  |   y40  |    b   |
 y31 |   0.00 |   0.00 |  85.48 |   0.00 | 339.74 | 181.41 |  67.67 | 217.11 |  93.56 | 170.67 | 181.07 | 204.96 |  55.00 |  33.11 | 117.15 | 302.89 |  85.33 | 179.56 | 119.19 | 269.81 | 228.07 | 220.96 | 210.89 | 146.41 | 192.85 | 245.63 |  33.70 |   0.00 | 211.96 | 223.37 |   1.00 |  13.89 |   0.00 |   0.00 |   0.00 |   0.00 |  34.22 |   0.00 | -18.59 |   0.67 | 1568.63 |
 y28 |   0.00 |   0.00 |   1.56 |   0.00 |   3.78 |   2.78 |   1.00 |   3.67 |   2.33 |   2.00 |   1.78 |   3.11 |   1.00 |   0.67 |   1.56 |   4.33 |   2.00 |   2.33 |   2.44 |   3.56 |   3.78 |   3.11 |   2.33 |   1.78 |   2.44 |   3.11 |   0.89 |   1.00 |   2.11 |   2.89 |   0.00 |   0.33 |   0.00 |   0.00 |   0.00 |   0.00 |   0.33 |   0.00 |  -0.22 |  -0.00 |  17.11 |
  y4 |   0.00 |   0.00 |   2.04 |   1.00 |   6.52 |   3.69 |   1.17 |   3.78 |   1.89 |   3.67 |   3.85 |   4.57 |   2.00 |   1.28 |   2.20 |   5.72 |   1.33 |   2.89 |   2.13 |   4.37 |   4.35 |   4.57 |   4.72 |   3.69 |   4.30 |   5.24 |   0.59 |   0.00 |   4.07 |   4.76 |   0.00 |   0.22 |   0.00 |   0.00 |   0.00 |   0.00 |   0.56 |   0.00 |  -0.31 |   0.17 |  29.74 |
 y34 |   0.00 |   0.00 |  40.26 |   0.00 | 155.63 |  72.30 |  23.67 |  93.44 |  38.22 |  78.67 |  82.96 |  93.52 |  24.00 |  10.44 |  45.93 | 129.56 |  29.33 |  77.22 |  49.41 | 114.59 |  99.96 |  94.52 |  95.56 |  70.30 |  82.07 | 112.19 |   8.15 |   0.00 |  91.52 |  94.81 |   0.00 |   5.56 |   0.00 |   1.00 |   0.00 |   0.00 |  14.89 |   0.00 |  -8.70 |   0.67 | 697.19 |
 y35 |   0.00 |   0.00 |  43.85 |   0.00 | 140.93 |  82.26 |  20.33 |  99.89 |  43.44 |  73.33 |  74.59 |  95.70 |  27.00 |  17.89 |  44.19 | 134.11 |  40.67 |  78.44 |  61.48 | 113.52 | 108.59 |  96.70 |  91.11 |  66.26 |  78.81 | 104.04 |   8.63 |   0.00 |  80.70 |  97.96 |   0.00 |   7.11 |   0.00 |   0.00 |   1.00 |   0.00 |  13.78 |   0.00 |  -8.74 |   0.33 | 654.04 |
 y36 |   0.00 |   0.00 |  73.33 |   0.00 | 311.67 | 158.67 |  51.00 | 184.00 |  74.00 | 148.00 | 159.67 | 179.67 |  47.00 |  25.00 | 106.33 | 269.00 |  71.00 | 158.00 | 103.67 | 235.33 | 200.67 | 193.67 | 194.00 | 134.67 | 166.67 | 221.67 |  22.33 |   0.00 | 189.67 | 205.33 |   0.00 |  12.00 |   0.00 |   0.00 |   0.00 |   1.00 |  31.00 |   0.00 | -17.33 |   1.00 | 1400.67 |
  y2 |   0.00 |   1.00 |   2.89 |   0.00 |  12.44 |   6.44 |   3.00 |   6.67 |   2.33 |   6.00 |   7.44 |   6.78 |   2.00 |   0.67 |   4.89 |  10.33 |   2.00 |   6.33 |   3.11 |   9.89 |   7.44 |   7.78 |   8.33 |   5.44 |   7.11 |   8.78 |   1.22 |   0.00 |   8.78 |   8.22 |   0.00 |   0.33 |   0.00 |   0.00 |   0.00 |   0.00 |   1.33 |   0.00 |  -0.56 |   0.00 |  58.78 |
 y38 |   0.00 |   0.00 |  71.04 |   0.00 | 291.52 | 151.69 |  58.17 | 185.78 |  75.89 | 143.67 | 151.85 | 173.57 |  45.00 |  21.28 | 104.20 | 258.72 |  71.33 | 152.89 | 106.13 | 229.37 | 200.35 | 183.57 | 179.72 | 123.69 | 162.30 | 209.24 |  22.59 |   0.00 | 182.07 | 192.76 |   0.00 |  12.22 |   0.00 |   0.00 |   0.00 |   0.00 |  29.56 |   1.00 | -16.31 |   0.17 | 1350.74 |
  y1 |   1.00 |   0.00 |  13.70 |   0.00 |  54.85 |  29.02 |  10.17 |  33.78 |  13.89 |  26.67 |  29.19 |  32.91 |   9.00 |   4.28 |  18.87 |  48.72 |  12.33 |  27.89 |  18.46 |  43.04 |  36.69 |  34.91 |  34.72 |  24.02 |  30.63 |  39.57 |   4.26 |   0.00 |  34.41 |  36.43 |   0.00 |   2.22 |   0.00 |   0.00 |   0.00 |   0.00 |   5.56 |   0.00 |  -2.98 |   0.17 | 251.07 |
 y33 |   0.00 |   0.00 | 104.19 |   0.00 | 411.59 | 213.43 |  76.83 | 251.89 | 101.44 | 199.33 | 218.26 | 243.87 |  67.00 |  34.39 | 140.02 | 363.61 |  93.67 | 212.44 | 141.65 | 326.85 | 270.76 | 259.87 | 263.61 | 183.43 | 231.48 | 296.20 |  28.96 |   0.00 | 257.37 | 267.80 |   0.00 |  16.11 |   1.00 |   0.00 |   0.00 |   0.00 |  41.78 |   0.00 | -22.57 |   0.83 | 1872.70 |
